956360
956360
956360
1
1
1
1
956360
1
956360
1
956360
1
1
956360
1
1
588099
588099
588099
1
1
1
588099
1
475862
956360
475862
1
475862
475862
475862
588099
956360
475862
475862
588099
956360
475862
588099
956360
475862
1
1
1
588099
475862
588099
1
694683
694683
1
956360
956360
694683
1
694683
694683
588099
964983
566342
344839
956360
1
588099
1
344839
1
344839
344839
566342
475862
694683
475862
588099
956360
830692
694683
475862
566342
964983
588099
367754
830692
367754
344839
1
956360
566342
1
964983
964983
119590
694683
588099
623003
588099
623003
344839
344839
566342
964983
830692
588099
964983
119590
566342
830692
566342
956360
344839
367754
119590
623003
588099
1
956360
588099
119590
475862
694683
119590
623003
1
119590
475862
475862
475862
588099
13859
964983
956360
367754
732397
475862
588099
475862
344839
475862
1
588099
421878
830692
964983
119590
16991
1
475862
344839
13859
623003
566342
1
956360
119590
367754
566342
424988
694683
623003
822548
623003
424988
367754
13859
424988
623003
694683
421878
424988
588099
956360
344839
119590
475862
475862
344839
956360
694683
362406
822548
119590
119590
367754
475862
1
16991
362406
1
475862
344839
566342
421878
475862
720878
830692
694683
732397
344839
344839
720878
421878
362406
367754
822548
424988
344839
294370
588099
588099
475862
694683
362406
720878
367754
694683
294370
623003
119590
119590
424988
367754
956360
720878
956360
623003
16991
424988
421878
956360
362406
475862
16991
367754
694683
566342
294370
830692
1
13859
294370
119590
344839
421878
1
31710
932165
694683
16991
588099
119590
16991
822548
595167
201059
956360
170237
421878
294370
822548
201059
956360
421878
720878
732397
956360
170237
475862
623003
720878
170237
588099
362406
694683
732397
956360
424988
294370
830692
732397
373634
34622
956360
367754
588099
61475
623003
367754
956360
786770
119590
127887
595167
694683
830692
720878
785728
362406
320468
964983
685934
566342
685934
1
956360
119590
932165
119590
16991
170237
424988
373634
720878
170237
830692
367754
16991
732397
720878
566342
344839
201059
654096
344839
1
785728
13859
785728
785728
367754
320468
588099
830692
654096
830692
566342
932165
344839
13859
566342
456136
34622
475862
877948
475862
362406
466669
201059
61475
459337
720878
720878
456136
732397
622652
622652
830692
362406
720878
1
373634
31710
421878
475862
170237
294370
258458
475862
694683
34622
466669
475862
424988
685934
799696
13859
822548
320468
822548
912246
424988
475862
720878
720878
799696
373634
685934
785728
1
475862
623003
964983
912246
344839
459337
785728
595167
367754
654096
932165
785728
830692
786770
456136
785728
294370
362406
424988
720878
258458
211438
31710
367754
912246
367754
932165
622652
822548
694683
830692
424988
830692
623003
418226
466669
170237
551779
877948
720878
31710
912246
320468
373634
1
622652
320468
830692
34622
201059
1
466669
732397
932165
566342
373634
296121
566342
201059
877948
785728
395824
785728
622652
424988
732397
373634
61475
595167
799696
622652
459337
418226
551779
912246
13859
211438
623003
31710
418226
654096
119590
344839
456136
737465
258458
1
785728
296121
964983
211438
799696
877948
344839
466669
566342
127887
720878
424988
441529
694683
830692
119590
737465
623003
720878
595167
304845
211438
823428
34622
170237
373634
211438
344839
623003
119590
785813
34622
622652
964983
296121
785728
456136
732397
201059
344839
466669
13859
466669
296121
1
395824
737465
786770
362406
786770
421878
201059
623003
595167
456136
956360
912246
344839
956360
588099
956360
622652
588099
344839
622652
373623
720878
785728
320468
373634
588099
551779
740280
119590
373623
294370
466669
373634
418226
13859
822548
654096
932165
441529
441529
802873
877948
475862
34622
395824
456136
785728
294370
373623
802873
119590
294370
802873
877948
320468
830692
119590
720878
16991
475862
459337
572659
320468
694683
740280
822548
915464
16991
566342
296121
964983
737465
622652
31710
31710
822548
822548
932165
685934
694683
915464
294370
31710
785728
258458
566342
373623
424988
127887
304845
694683
622652
456136
785813
211438
296121
740280
61475
395824
830692
475862
566342
320468
622652
421878
685934
830692
367754
431606
912246
956360
191971
1
424988
551779
732397
877948
964983
13859
956360
802873
785728
191971
127887
61475
912246
201059
595167
685934
551779
127887
16991
304845
211438
475862
566342
330779
830692
226836
737465
588099
16991
737465
799696
694683
31710
654096
127887
31710
373634
830692
466669
34622
424988
211438
456136
170237
373634
367754
822548
575060
822548
258458
466669
654096
13859
932165
595167
34622
623335
720878
127887
424988
694683
431606
720878
823428
685934
595167
964983
296121
431606
291351
258458
882557
654096
258458
964983
119590
13859
823428
740280
459337
63795
588099
877948
1
362406
294370
34622
258458
330779
822548
822548
981670
291351
822548
258458
623003
572659
877948
653099
421878
823428
304845
170237
877948
13859
258458
456136
373634
119590
127887
623003
877948
344839
533341
296121
202431
785813
61475
786770
330779
802873
119590
737465
786770
127887
320468
912246
956360
623335
248849
623003
137575
653099
732397
344839
981670
201059
13859
170237
16991
1
466669
786770
781358
544562
211438
798096
127887
367754
622652
964983
551779
475862
595167
202431
533341
113844
34622
932165
362406
623003
137575
367754
202431
418226
956360
520254
466669
258458
882557
595167
137575
572659
720878
785728
320468
981670
520254
533341
201059
294370
330779
1
685934
551779
685934
575060
118032
732397
294370
202431
740280
459337
575060
362406
544562
63795
92789
362406
912246
367754
92789
623335
595167
202431
211438
915464
424988
330779
533341
211438
798096
92789
29029
274665
1
211438
798096
823428
191971
572659
595167
395824
551779
441529
653099
915464
16991
649344
63795
31710
202431
580624
1
475862
785813
291351
395824
1
119590
981670
964983
330779
367754
823428
248849
441529
685934
981670
258458
956360
44833
258458
588331
654096
421878
395824
533341
544562
119590
785728
830692
431606
654096
785813
84720
520254
956360
694683
34622
304845
466669
304845
595167
575060
431606
16991
119590
342654
520254
575060
685934
533341
291351
623335
781358
924635
84720
344839
798096
740280
475862
685934
191971
566342
823428
16991
799696
118032
274665
13859
362406
211438
202431
296121
964983
418226
456136
342654
84720
964983
475119
373623
785813
732397
520254
431606
330779
16991
732397
127887
623003
16991
13859
924635
785728
877948
572659
137575
737465
258458
362406
296121
367754
737465
63795
830692
226836
854417
127887
113844
421878
595167
737465
854417
475119
475862
127887
912246
373634
575060
44833
31710
475119
580624
119590
823428
127887
581987
362406
330779
737465
367754
258458
737465
294370
