1
1
1
1
1
257292
257292
257292
1
1
1
1
1
257292
1
257292
227363
257292
1
227363
257292
627205
627205
257292
257292
257292
227363
320544
627205
227363
320544
478485
180914
478485
818305
478485
478485
627205
627205
478485
478485
818305
818305
526459
320544
933502
627205
526459
478485
478485
478485
426733
320544
516048
227363
227363
526459
516048
320544
1
526459
426733
257292
627205
320544
818305
180914
331293
516048
933502
320544
627205
331293
818305
227363
1
227363
627205
50859
627205
180914
50859
478485
331293
180914
627205
331293
526459
227363
227363
180914
553216
933502
553216
526459
50859
553216
627205
627205
568929
257292
568929
818305
818305
549875
180914
64259
122264
723048
320544
497144
180914
257292
568929
526459
627205
122264
497144
497144
227363
64259
516048
568929
933502
568929
122264
331293
568929
257292
257292
497144
320544
1
478485
723048
723048
320544
723048
516048
227363
64259
818305
553216
723048
64259
257292
933502
549875
227363
627205
1
64259
426733
526459
627205
549875
331293
257292
257292
478485
526459
723048
320544
549875
932583
526459
526459
723048
723048
818305
227363
180914
932583
723048
627205
932583
553216
932583
723048
478485
932583
627205
257292
122264
1
122264
227363
64259
526459
933502
497144
64259
723048
648372
932583
1
122264
227363
516048
257292
933502
818305
568929
257292
290066
122264
227363
290066
818305
723048
553216
50859
64259
1
818305
320544
568929
426733
818305
516048
553216
180914
932583
549875
932583
227363
933502
627205
526459
180914
933502
478485
290066
320544
426733
497144
549875
227363
1
553216
648372
908120
549875
227363
257292
627205
580522
497144
526459
516048
122264
818305
1
568929
580522
290066
553216
331293
999220
331293
908120
497144
648372
64259
549875
50859
818305
932583
54584
1
180914
612864
648372
580522
500851
908120
627205
516048
124238
670907
50859
205732
1
174522
64259
612864
227363
320544
932583
818305
331293
549875
999220
205732
50859
580522
174522
516048
704035
257292
227363
704035
497144
122264
205732
257292
612864
999220
612864
205732
612864
704035
500851
553216
526459
205732
471416
516448
516448
67466
908120
932583
124238
908120
933502
648372
290066
908120
568929
704035
227363
723048
516448
748787
951430
516448
205732
478485
320544
999220
64259
526459
174522
612864
526459
627205
290066
513727
513727
174522
444730
500851
723048
932583
331293
627205
367117
933502
648372
526459
500851
704035
504264
516448
748787
704035
526459
504264
124238
513727
704035
497144
471416
331293
54584
513727
568929
818305
612864
526459
504264
908120
478485
504264
227363
227363
613472
497144
122264
504264
174522
174522
613472
205732
729176
500851
331293
677635
818305
180914
932583
1
220051
504264
220051
174522
500851
999220
933502
612864
754568
180914
999220
122264
478485
526459
205732
500851
122264
220051
293810
426733
999220
723048
748787
227363
54584
220051
648372
627205
497144
444730
426733
205732
349427
951430
54584
445490
220051
627205
293810
205732
999220
568929
754568
290066
580522
471416
722151
516048
349427
293810
549875
220051
122264
349427
885956
722151
497144
50859
701261
701261
293810
612864
205732
349427
50859
471416
426733
444730
220051
180914
612864
67466
67466
932583
704035
293810
754568
331293
553216
227363
62413
612864
257292
445490
627205
254260
349427
513727
993477
677635
54584
723048
54584
723048
205732
471416
729176
34325
415492
367117
471416
613472
627205
580522
257292
993477
677635
122264
34325
932583
293810
665468
34325
293810
500851
504264
444730
612864
227363
57681
293810
220051
627205
999220
516448
180914
526459
426733
568929
993477
513727
57681
349427
367117
227363
933502
57681
979805
426733
320544
818305
677635
205732
580522
723048
415492
426733
549875
513727
580522
349427
818305
993477
122264
290066
64259
677635
497144
331293
64259
722151
701261
254260
516448
504264
349427
612864
979805
526459
67466
701261
933502
174522
331293
62413
62413
478485
54584
504264
979805
665468
426733
580522
979805
723048
174522
459589
818305
64259
647646
723048
908120
999220
999220
459589
254260
526459
751996
951430
504264
933502
908120
526459
30456
180914
951430
426733
670907
648372
513727
254260
999220
701261
627205
748787
933502
497144
885956
290066
463892
999220
445490
54584
723048
613472
751996
748787
290066
670907
568929
580522
220051
580522
64259
62413
349427
617478
526459
54584
754568
459589
951430
34325
67466
331293
30456
244197
478485
657239
885956
908120
293810
908120
34325
878930
34325
818305
516448
463892
513727
254260
951430
979805
568929
516448
497144
908120
254260
513727
885956
320544
445490
751996
331293
415492
670907
723048
885956
999220
367117
67466
254260
665468
979805
878930
935668
813793
648372
426733
444730
244197
933502
57681
513727
558832
908120
526459
331293
293810
558832
979805
908120
526459
568929
460604
580522
701261
933502
818305
450092
818305
729176
722151
647646
613472
558832
516048
54584
617478
131990
227363
648372
312950
751996
526459
751996
459589
670907
722151
244197
222117
701261
64259
50859
722151
665468
320544
813793
331293
174522
500851
670907
50859
665468
460604
526459
227363
553216
677635
558832
180914
57681
568929
627205
290066
445490
979805
62413
648372
935668
580522
54584
57681
909580
617478
17984
349427
627205
504264
50859
459589
516048
320544
497144
627205
513727
349427
908120
701261
299094
500851
34325
751996
665468
460604
553216
504264
222117
220051
331293
471416
613472
426733
220051
367117
722151
57681
180914
627205
440546
935668
440546
222117
516448
17984
205732
754568
408886
478485
254260
293810
657239
504264
361936
748787
444730
205732
704035
999220
444730
677635
526459
124238
34325
312950
218242
951430
723048
367117
500851
612864
549875
558832
497144
205732
460604
751996
513727
813793
612864
34325
349427
34325
647646
30456
993477
670907
513727
463892
463892
445490
496092
415492
878930
444730
979805
908120
444730
227363
293810
478485
54584
694840
34325
748787
999220
67466
293810
504264
463892
526459
440546
665468
205732
558832
174522
625786
445490
205732
729176
478485
122264
568929
299094
367117
166380
500851
513727
376619
932583
64259
376619
444730
933502
504264
218242
57681
67466
657239
568929
154466
878930
180914
290066
478485
568929
648372
312950
549875
459589
813793
701261
174522
131990
549875
677370
174522
166380
530957
426733
516448
349427
154466
222117
908120
222117
530957
440546
625786
722151
580522
908120
444730
220051
444730
568929
516448
516448
701261
558832
124238
625786
459589
293810
568929
218242
516048
704035
227363
471416
694840
909580
526459
459589
82094
154466
568929
57681
677635
909580
122264
257292
745148
244197
64259
908120
549875
408886
14266
82094
558832
57681
554904
463892
933502
516048
516448
993477
122120
627205
17984
617478
218242
677370
613472
131990
648372
497144
627205
349427
122120
62150
450092
496092
293810
54584
254260
64259
408886
908120
951430
677370
722208
180914
504264
554904
617478
677635
908120
648372
166380
57681
445490
284631
463892
665468
500851
205732
722151
331293
733994
677370
772358
299094
526459
951430
331293
14266
222117
835793
166380
787969
54584
613472
166380
349427
787969
14266
151073
62413
580522
244197
426733
677635
665468
67466
580522
597877
778185
549875
723048
478485
154466
580522
154466
349427
174522
878930
293810
694840
813793
729176
506429
151073
188039
463892
463892
154466
220051
17984
932583
463100
17419
647646
188039
471416
64259
299094
331293
496092
612864
504264
205732
677635
120861
478485
878930
254260
62413
122264
124238
993477
151073
500851
778185
1
64259
568929
17984
290066
951430
516448
433181
312950
513727
320544
612864
290066
558832
625786
778185
909580
748787
751996
627205
729176
294902
932583
244197
131990
554904
806939
57681
361936
459589
478485
778185
701261
612864
757205
677370
733994
227363
754568
444730
972936
751996
299094
388953
320544
110388
684589
57681
293810
757205
367117
617478
526459
62413
463100
433181
254260
751996
935668
67466
778185
775849
665468
835793
516448
657239
627205
54584
526459
677635
530957
684589
501007
409180
205732
500851
367117
220051
263063
57681
62413
205955
580522
471416
34325
320544
331293
463892
122264
188039
701261
993477
617478
501007
180914
908120
976387
294902
220051
124238
290066
558832
597877
82094
778185
513727
299094
463892
156721
23369
608213
415492
504264
976387
549875
748787
477276
14266
284631
122264
67466
82094
14266
665468
257292
54584
294902
597877
122264
677370
54584
426733
220051
748787
999220
459589
806939
290066
124238
580522
513727
999220
471416
885956
166380
553216
194859
67466
374102
471416
625786
549875
733994
331293
778185
244197
568929
415492
227363
872906
976387
293810
513727
174522
293810
597877
872906
34325
647646
310304
553216
932583
580522
284631
748787
608213
14266
310304
122120
409180
701261
440546
835793
284631
549875
205955
445490
205955
227363
745148
408886
222117
704035
331293
684589
568929
911783
729176
254260
205732
463100
757205
678224
1
376619
908120
310304
14266
733994
613472
34325
719511
471416
625786
312950
625786
50859
748787
62150
30456
999220
288564
101034
627205
440546
951430
23369
878743
23369
670837
564475
500851
657239
496092
806939
131990
564475
748787
935668
608213
722208
438445
463100
972936
787969
244197
549875
729176
463100
625786
23369
23369
933502
878743
558832
617478
608213
553686
999220
976387
110388
951430
180914
634644
220051
110388
933502
445490
677635
558832
745148
500851
806939
17419
935668
597877
588718
608213
617478
909580
722151
526459
124238
677635
62413
205955
909580
82094
678224
288564
478485
409180
254260
935668
30456
374102
151073
120861
749723
516048
174522
608213
331293
627205
657239
999220
388953
299094
501007
500851
933502
932583
657239
218242
751996
440546
723048
310304
14266
23369
205955
617478
612864
513727
778185
911783
460604
615385
294902
627205
156721
818305
349427
151073
835793
205955
878743
376619
14266
299094
188039
460271
14266
440546
497144
174522
885956
716469
722151
625786
911783
999915
244197
409180
751996
665468
34325
62150
696998
151073
516048
772358
409180
813793
999220
477276
878930
1
932583
504264
549875
634644
878930
120861
554904
17984
17419
450092
202646
549875
647646
526459
513727
593331
889529
205955
549875
999220
751996
933502
588718
110388
597877
331293
921861
166380
723048
478485
243333
972936
772358
101034
478485
787969
749723
504264
122264
96703
17419
388953
485724
617478
813793
442012
478485
409180
729176
889230
649019
704035
433181
588718
188039
179718
647646
889230
96703
440546
331293
409180
124238
122120
506429
460271
299094
120861
463892
593331
62150
564475
110388
976387
243333
299094
684589
722151
154466
813793
349427
122264
202646
516048
254260
433181
751996
921861
331293
648372
500851
331293
597877
757205
504264
57681
516048
872906
17419
54584
665468
526459
684589
123613
82094
17419
156721
14266
627205
166380
670837
154466
554904
615385
124238
426733
110388
227363
257292
775849
86575
701261
818305
460271
778185
180914
772358
640376
448752
485724
409180
911783
553216
909580
220051
391440
978326
625786
617478
17419
775849
806939
374102
96703
787969
549875
408886
110388
179718
496092
478485
263063
684589
921861
496092
290066
367117
50859
142098
516448
496092
526459
62150
657239
909580
114694
243333
194859
17419
122120
778185
438445
312950
17984
694840
516048
312950
516448
751996
50859
670837
778185
732171
194859
889230
889230
597877
391440
772358
722151
44489
513727
477276
34325
976387
748787
497144
101034
86575
751996
82094
558832
516448
634644
23369
122120
118680
374102
444730
376619
260807
501007
154466
496092
17419
62413
665468
257292
471416
932583
199915
657239
722151
166380
34325
670837
597877
205955
218242
290066
227363
722151
553686
729176
569299
17984
745148
131990
733994
50859
44489
110388
496092
921861
554904
122264
263063
613472
478485
911783
513727
558832
754568
513727
442012
775849
648372
59069
17984
131990
612864
438445
889529
778185
921861
889230
54584
818305
754568
349427
733994
199915
558301
553216
921861
4080
50859
450092
593331
192745
220051
625786
122264
485724
889529
260807
701261
367117
554904
485724
44489
194859
889230
612864
154466
696998
166380
732171
64259
501007
504264
254260
44489
151073
262192
296037
648372
951430
722208
320544
504264
867864
751996
787969
205732
719511
376619
123613
889230
293810
911783
588718
613472
513727
501007
613472
872906
408886
14266
460604
284631
611032
806939
979805
813793
415492
86575
719511
14266
701261
131990
299094
627480
733994
151073
445490
999915
608213
179718
951430
627205
932583
254260
459589
783205
976387
312950
702170
118680
194859
748787
123613
244197
857147
122120
54584
156721
745148
57681
205955
513727
569299
885956
885956
966311
678224
611032
972936
857147
374102
569299
751996
426733
615385
14266
783205
615385
463892
409180
869693
972936
979876
889529
426733
244197
787969
613472
640376
977870
921861
745148
670907
17984
889827
612864
564475
471416
972936
294902
388953
921861
106430
408886
110388
86575
460271
745148
558301
415492
260807
719511
732171
694840
174522
527370
553686
367117
477276
527370
205955
485724
478485
798206
388953
262192
588718
388953
101034
106430
670907
260807
757205
640376
649019
704035
1
202646
733994
979876
677635
999220
494654
527370
154466
62150
878930
991341
448752
438445
459589
433181
558832
154466
262192
857147
933502
192745
154466
921861
406364
124238
367117
220051
96703
227363
554904
999220
376619
463100
516448
978326
388953
188039
284631
438445
701261
615385
450092
361936
627205
310304
627480
110388
62413
374102
678224
549875
723048
151073
257292
222117
513727
613472
670907
966311
293810
627480
426733
396681
34325
553686
553686
463892
813793
889230
627205
729176
558301
757205
442012
978326
62150
116522
54584
179718
123613
367117
612864
243333
151073
772358
179718
580522
440546
1