1
1
1
1
1
257292
257292
257292
1
1
1
1
1
257292
1
257292
227363
257292
1
227363
257292
627205
627205
257292
257292
257292
227363
320544
627205
227363
320544
478485
180914
478485
818305
478485
478485
627205
627205
478485
478485
818305
818305
526459
320544
933502
627205
526459
478485
478485
478485
426733
320544
516048
227363
227363
526459
516048
320544
1
526459
426733
257292
627205
320544
818305
180914
331293
516048
933502
320544
627205
331293
818305
227363
1
227363
627205
50859
627205
180914
50859
478485
331293
180914
627205
331293
526459
227363
227363
180914
553216
933502
553216
526459
50859
553216
627205
627205
568929
257292
568929
818305
818305
549875
180914
64259
122264
723048
320544
497144
180914
257292
568929
526459
627205
122264
497144
497144
227363
64259
516048
568929
933502
568929
122264
331293
568929
257292
257292
497144
320544
1
478485
723048
723048
320544
723048
516048
227363
64259
818305
553216
723048
64259
257292
933502
549875
227363
627205
1
64259
426733
526459
627205
549875
331293
257292
257292
478485
526459
723048
320544
549875
932583
526459
526459
723048
723048
818305
227363
180914
932583
723048
627205
932583
553216
932583
723048
478485
932583
627205
257292
122264
1
122264
227363
64259
526459
933502
497144
64259
723048
648372
932583
1
122264
227363
516048
257292
933502
818305
568929
257292
290066
122264
227363
290066
818305
723048
553216
50859
64259
1
818305
320544
568929
426733
818305
516048
553216
180914
932583
549875
932583
227363
933502
627205
526459
180914
933502
478485
290066
320544
426733
497144
549875
227363
1
553216
648372
908120
549875
227363
257292
627205
580522
497144
526459
516048
122264
818305
1
568929
580522
290066
553216
331293
999220
331293
908120
497144
648372
64259
549875
50859
818305
932583
54584
1
180914
612864
648372
580522
500851
908120
627205
516048
124238
670907
50859
205732
1
174522
64259
612864
227363
320544
932583
818305
331293
549875
999220
205732
50859
580522
174522
516048
704035
257292
227363
704035
497144
122264
205732
257292
612864
999220
612864
205732
612864
704035
500851
553216
526459
205732
471416
516448
516448
67466
908120
932583
124238
908120
933502
648372
290066
908120
568929
704035
227363
723048
516448
748787
951430
516448
205732
478485
320544
999220
64259
526459
174522
612864
526459
627205
290066
513727
513727
174522
444730
500851
723048
932583
331293
627205
367117
933502
648372
526459
500851
704035
504264
516448
748787
704035
526459
504264
124238
513727
704035
497144
471416
331293
54584
513727
568929
818305
612864
526459
504264
908120
478485
504264
227363
227363
613472
497144
122264
504264
174522
174522
613472
205732
729176
500851
331293
677635
818305
180914
932583
1
220051
504264
220051
174522
500851
999220
933502
612864
754568
180914
999220
122264
478485
526459
205732
500851
122264
220051
293810
426733
999220
723048
748787
227363
54584
220051
648372
627205
497144
444730
426733
205732
349427
951430
54584
445490
220051
627205
293810
205732
999220
568929
754568
290066
580522
471416
722151
516048
349427
293810
549875
220051
122264
349427
885956
722151
497144
50859
701261
701261
293810
612864
205732
349427
50859
471416
426733
444730
220051
180914
612864
67466
67466
932583
704035
293810
754568
331293
553216
227363
62413
612864
257292
445490
627205
254260
349427
513727
993477
677635
54584
723048
54584
723048
205732
471416
729176
34325
415492
367117
471416
613472
627205
580522
257292
993477
677635
122264
34325
932583
293810
665468
34325
293810
500851
504264
444730
612864
227363
57681
293810
220051
627205
999220
516448
180914
526459
426733
568929
993477
513727
57681
349427
367117
227363
933502
57681
979805
426733
320544
818305
677635
205732
580522
723048
415492
426733
549875
513727
580522
349427
818305
993477
122264
290066
64259
677635
497144
331293
64259
722151
701261
254260
516448
504264
349427
612864
979805
526459
67466
701261
933502
174522
331293
62413
62413
478485
54584
504264
979805
665468
426733
580522
979805
723048
174522
459589
818305
64259
647646
723048
908120
999220
999220
459589
254260
526459
751996
951430
504264
933502
908120
526459
30456
180914
951430
426733
670907
648372
513727
254260
999220
701261
627205
748787
933502
497144
885956
290066
463892
999220
445490
54584
723048
613472
751996
748787
290066
670907
568929
580522
220051
580522
64259
62413
349427
617478
526459
54584
754568
459589
951430
34325
67466
331293
30456
244197
478485
657239
885956
908120
293810
908120
34325
878930
34325
818305
516448
463892
513727
254260
951430
979805
568929
516448
497144
908120
254260
513727
885956
320544
445490
751996
331293
415492
670907
723048
885956
999220
367117
67466
254260
665468
979805
878930
935668
813793
648372
426733
444730
244197
933502
57681
513727
558832
908120
526459
331293
293810
558832
979805
908120
526459
568929
460604
580522
701261
933502
818305
450092
818305
729176
722151
647646
613472
558832
516048
54584
617478
131990
227363
648372
312950
751996
526459
751996
459589
670907
722151
244197
222117
701261
64259
50859
722151
665468
320544
813793
331293
174522
500851
670907
50859
665468
460604
526459
227363
553216
677635
558832
180914
57681
568929
627205
290066
445490
979805
62413
648372
935668
580522
54584
57681
909580
617478
17984
349427
627205
504264
50859
459589
516048
320544
497144
627205
513727
349427
908120
701261
299094
500851
34325
751996
665468
460604
553216
504264
222117
220051
331293
471416
613472
426733
220051
367117
722151
57681
180914
627205
440546
935668
440546
222117
516448
17984
205732
754568
408886
478485
254260
293810
657239
504264
361936
748787
444730
205732
704035
999220
444730
677635
526459
124238
34325
312950
218242
951430
723048
367117
500851
612864
549875
558832
497144
205732
460604
751996
513727
813793
612864
34325
349427
34325
647646
30456
993477
670907
513727
463892
463892
445490
496092
415492
878930
444730
979805
908120
444730
227363
293810
478485
54584
694840
34325
748787
999220
67466
293810
504264
463892
526459
440546
665468
205732
558832
174522
625786
445490
205732
729176
478485
122264
568929
299094
367117
166380
500851
513727
376619
932583
64259
376619
444730
933502
504264
218242
57681
67466
657239
568929
154466
878930
180914
290066
478485
568929
648372
312950
549875
459589
813793
701261
174522
131990
549875
677370
174522
166380
530957
426733
516448
349427
154466
222117
908120
222117
530957
440546
625786
722151
580522
908120
444730
220051
444730
568929
516448
516448
701261
558832
124238
625786
459589
293810
568929
218242
516048
704035
227363
471416
694840
909580
526459
459589
82094
154466
568929
57681
677635
909580
122264
257292
745148
244197
64259
908120
549875
408886
14266
82094
558832
57681
554904
463892
933502
516048
516448
993477
122120
627205
17984
617478
218242
677370
613472
131990
648372
497144
627205
349427
122120
62150
450092
496092
293810
54584
254260
64259
408886
908120
951430
677370
722208
180914
504264
554904
617478
677635
908120
648372
166380
57681
445490
284631
463892
665468
500851
205732
722151
331293
733994
677370
772358
299094
526459
951430
331293
14266
222117
835793
166380
787969
54584
613472
166380
349427
787969
14266
151073
62413
580522
244197
426733
677635
665468
67466
580522
597877
778185
549875
723048
478485
154466
580522
154466
349427
174522
878930
293810
694840
813793
729176
506429
151073
188039
463892
463892
154466
220051
17984
932583
463100
17419
647646
188039
471416
64259
299094
331293
496092
612864
504264
205732
677635
120861
478485
878930
254260
62413
122264
124238
993477
151073
500851
778185
1
64259
568929
17984
290066
951430
516448
433181
312950
513727
320544
612864
290066
558832
625786
778185
909580
748787
751996
627205
729176
294902
932583
244197
131990
554904
806939
57681
361936
459589
478485
778185
701261
612864
757205
677370
733994
227363
754568
444730
972936
751996
299094
388953
320544
110388
684589
57681
293810
757205
367117
617478
526459
62413
463100
433181
254260
751996
935668
67466
778185
775849
665468
835793
516448
657239
627205
54584
526459
677635
530957
684589
501007
409180
205732
500851
367117
220051
263063
57681
62413
205955
580522
471416
34325
320544
331293
463892
122264
188039
701261
993477
617478
501007
180914
908120
976387
294902
220051
124238
290066
558832
597877
82094
778185
513727
299094
463892
156721
23369
608213
415492
504264
976387
549875
748787
477276
14266
284631
122264
67466
82094
14266
665468
257292
54584
294902
597877
122264
677370
54584
426733
220051
748787
999220
459589
806939
290066
124238
580522
513727
999220
471416
885956
166380
553216
194859
67466
374102
471416
625786
549875
733994
331293
778185
244197
568929
415492
227363
872906
976387
293810
513727
174522
293810
597877
872906
34325
647646
310304
553216
932583
580522
284631
748787
608213
14266
310304
122120
409180
701261
440546
835793
284631
549875
205955
445490
205955
227363
745148
408886
222117
704035
331293
684589
568929
911783
729176
254260
205732
463100
757205
678224
1
376619
908120
310304
14266
733994
613472
34325
719511
471416
625786
312950
625786
50859
748787
62150
30456
999220
288564
101034
627205
440546
951430
23369
878743
23369
670837
564475
500851
657239
496092
806939
131990
564475
748787
935668
608213
722208
438445
463100
972936
787969
244197
549875
729176
463100
625786
23369
23369
933502
878743
558832
617478
608213
553686
999220
976387
110388
951430
180914
634644
220051
110388
933502
445490
677635
558832
745148
500851
806939
17419
935668
597877
588718
608213
617478
909580
722151
526459
124238
677635
62413
205955
909580
82094
678224
288564
478485
409180
254260
935668
30456
374102
151073
120861
749723
516048
174522
608213
331293
627205
657239
999220
388953
299094
501007
500851
933502
932583
657239
218242
751996
440546
723048
310304
14266
23369
205955
617478
612864
513727
778185
911783
460604
615385
294902
627205
156721
818305
349427
151073
835793
205955
878743
376619
14266
299094
188039
460271
14266
440546
497144
174522
885956
716469
722151
625786
911783
999915
244197
409180
751996
665468
34325
62150
696998
151073
516048
772358
409180
813793
999220
477276
878930
1
932583
504264
549875
634644
878930
120861
554904
17984
17419
450092
202646
549875
647646
526459
513727
593331
889529
205955
549875
999220
751996
933502
588718
110388
597877
331293
921861
166380
723048
478485
243333
972936
772358
101034
478485
787969
749723
504264
122264
96703
17419
388953
485724
617478
813793
442012
478485
409180
729176
889230
649019
704035
433181
588718
188039
179718
647646
889230
96703
440546
331293
409180
124238
122120
506429
460271
299094
120861
463892
593331
62150
564475
110388
976387
243333
299094
684589
722151
154466
813793
349427
122264
202646
516048
254260
433181
751996
921861
331293
648372
500851
331293
597877
757205
504264
57681
516048
872906
17419
54584
665468
526459
684589
123613
82094
17419
156721
14266
627205
166380
670837
154466
554904
615385
124238
426733
110388
227363
257292
775849
86575
701261
818305
460271
778185
180914
772358
640376
448752
485724
409180
911783
553216
909580
220051
391440
978326
625786
617478
17419
775849
806939
374102
96703
787969
549875
408886
110388
179718
496092
478485
263063
684589
921861
496092
290066
367117
50859
142098
516448
496092
526459
62150
657239
909580
114694
243333
194859
17419
122120
778185
438445
312950
17984
694840
516048
312950
516448
751996
50859
670837
778185
732171
194859
889230
889230
597877
391440
772358
722151
44489
513727
477276
34325
976387
748787
497144
101034
86575
751996
82094
558832
516448
634644
23369
122120
118680
374102
444730
376619
260807
501007
154466
496092
17419
62413
665468
257292
471416
932583
199915
657239
722151
166380
34325
670837
597877
205955
218242
290066
227363
722151
553686
729176
569299
17984
745148
131990
733994
50859
44489
110388
496092
921861
554904
122264
263063
613472
478485
911783
513727
558832
754568
513727
442012
775849
648372
59069
17984
131990
612864
438445
889529
778185
921861
889230
54584
818305
754568
349427
733994
199915
558301
553216
921861
4080
50859
450092
593331
192745
220051
625786
122264
485724
889529
260807
701261
367117
554904
485724
44489
194859
889230
612864
154466
696998
166380
732171
64259
501007
504264
254260
44489
151073
262192
296037
648372
951430
722208
320544
504264
867864
751996
787969
205732
719511
376619
123613
889230
293810
911783
588718
613472
513727
501007
613472
872906
408886
14266
460604
284631
611032
806939
979805
813793
415492
86575
719511
14266
701261
131990
299094
627480
733994
151073
445490
999915
608213
179718
951430
627205
932583
254260
459589
783205
976387
312950
702170
118680
194859
748787
123613
244197
857147
122120
54584
156721
745148
57681
205955
513727
569299
885956
885956
966311
678224
611032
972936
857147
374102
569299
751996
426733
615385
14266
783205
615385
463892
409180
869693
972936
979876
889529
426733
244197
787969
613472
640376
977870
921861
745148
670907
17984
889827
612864
564475
471416
972936
294902
388953
921861
106430
408886
110388
86575
460271
745148
558301
415492
260807
719511
732171
694840
174522
527370
553686
367117
477276
527370
205955
485724
478485
798206
388953
262192
588718
388953
101034
106430
670907
260807
757205
640376
649019
704035
1
202646
733994
979876
677635
999220
494654
527370
154466
62150
878930
991341
448752
438445
459589
433181
558832
154466
262192
857147
933502
192745
154466
921861
406364
124238
367117
220051
96703
227363
554904
999220
376619
463100
516448
978326
388953
188039
284631
438445
701261
615385
450092
361936
627205
310304
627480
110388
62413
374102
678224
549875
723048
151073
257292
222117
513727
613472
670907
966311
293810
627480
426733
396681
34325
553686
553686
463892
813793
889230
627205
729176
558301
757205
442012
978326
62150
116522
54584
179718
123613
367117
612864
243333
151073
772358
179718
580522
440546
1
972936
485724
202646
589680
999220
589680
82094
262192
131990
627205
979805
885956
440546
999915
122264
701261
647646
627480
478485
689465
82094
57681
951430
89873
290066
649019
749723
670907
733994
889827
615385
979876
701261
634644
64259
516448
647646
415492
222117
608213
869693
62413
733994
972936
426733
719511
909580
732171
124238
615385
729176
124238
702170
694840
426733
496092
627205
504264
694840
331293
848837
911783
657239
116522
391440
349427
617478
50859
151073
889529
627480
120861
729176
608213
612864
151073
448752
238498
442012
67466
190346
486554
611032
344114
123613
787969
553686
397934
151014
813793
751996
196932
775849
513727
570916
977870
977870
262192
460604
96703
911783
448752
597877
198221
82094
106430
478485
17984
196932
260807
180914
260807
677370
932583
911783
516048
966487
722151
196932
625786
114694
57681
406364
34325
678224
116522
677635
262192
198221
568929
933502
867864
156721
625786
857147
460604
408886
254158
729176
798206
617478
677370
817178
142098
580522
772358
812809
889827
192745
580522
463100
611032
695920
693339
463892
689465
670837
406364
433181
976387
142098
96703
198221
438445
611032
243333
564475
205732
966311
867864
254158
568929
1
118680
874983
501007
397934
89873
999220
670837
260807
612864
290066
463100
180914
751996
818305
288564
349427
665468
732171
96703
704035
622086
817178
972936
471416
911783
678224
570916
729176
932583
979876
238498
467676
82094
857147
978326
433181
991341
101034
558301
649019
612864
872906
622086
59069
775849
299094
25177
733994
702170
156721
118680
751996
564475
101034
62413
244197
570916
757205
835793
966311
935668
869693
320544
113408
532185
64259
442012
729176
406364
86575
205955
670907
733994
14266
312950
588718
932583
991341
951430
630188
696998
367650
530454
86575
374102
331293
935668
412513
122120
754568
526459
991341
689465
630188
337303
101034
180914
569299
106430
564475
409180
188039
783205
818305
751996
778185
647646
553686
120861
553216
867864
205955
889827
702170
526459
123613
463892
976387
101034
665468
588718
634644
220051
194859
131990
44489
867864
695920
966487
817178
694840
704035
392493
156721
733994
463100
59069
124238
202646
116522
82094
872906
122120
704035
445490
331293
392493
113408
991341
649019
444730
467676
665468
151073
222117
722151
477276
568929
376619
588718
603521
82094
695920
979805
732171
657239
438445
911783
608213
908120
751996
220051
702170
262192
30456
702287
67466
568929
608213
991341
222117
847857
532185
205955
670837
146984
260807
206937
154466
503132
183095
878930
694840
909580
205955
570916
530454
154466
205732
67466
17984
716469
433181
218242
59069
818305
205955
262192
337303
695920
889827
284631
640376
101034
179718
262192
506429
122264
222117
640376
205955
564475
999220
496092
932583
874244
243333
123613
200446
757205
1
59069
89873
848837
848837
513727
933502
665468
613472
180914
648372
588718
288564
238498
701689
1
260807
118680
670907
627205
630188
494654
874983
64259
757205
198221
335402
86575
530957
412513
857147
501007
583605
878743
689465
151014
374102
477276
188039
596040
979805
238498
630188
733994
198221
604466
979805
23369
188039
299094
192745
412513
109876
772358
684589
751996
695920
146984
396681
205955
376619
806939
335430
684589
109876
367650
693339
486554
106430
450092
17984
597877
109876
651292
716727
527370
415492
183095
166380
86575
677635
617478
206937
589680
497144
408886
44489
86575
597877
570916
979805
751996
132990
433181
190346
151014
670837
459589
612864
684589
120861
657239
122264
67466
342154
199915
877338
146984
908120
485724
979876
471416
536290
869693
627205
438445
903052
376619
471416
460604
553216
503132
62413
142098
737496
979876
450092
935668
694840
232176
798206
684589
337303
96703
392493
497138
263063
696998
651292
677370
62150
889230
460604
412909
857012
798206
966487
722208
113408
485724
426733
471416
775849
392493
588148
999220
267273
530454
1
124238
972936
131990
25177
885956
568929
719511
878743
376619
737496
889230
639907
257292
932583
812809
86575
412909
342154
536290
284631
568929
211171
503132
663608
477276
693339
625786
477276
471416
196932
526459
220051
460271
448752
412909
257292
506429
999220
617478
869693
288564
597877
596040
256405
857012
806939
966311
749723
142098
124238
202646
622086
205732
678224
114694
122264
639907
553216
966311
513329
433353
596040
200446
496092
835793
716727
627205
293810
288564
516048
689465
267823
748787
630188
569299
64259
134650
564475
391440
543461
745148
867864
672333
733994
183095
615385
549875
500851
588718
227363
908120
296037
79515
196932
684589
54584
89873
429893
188039
670837
457334
663608
855459
433181
391440
593331
335402
572389
646028
374102
530454
335402
166129
549875
627205
757205
663608
757946
716727
232176
616078
693339
737496
293810
485724
527370
200446
44489
166129
478485
412909
460604
12115
238498
254158
783205
787969
889827
254260
787969
79515
933630
396681
220051
243333
429893
134650
536290
445490
200446
115004
651292
617478
196932
553216
722151
835793
448752
549875
663608
486554
933502
991341
553686
408886
263063
64259
254158
543461
627205
486554
722208
97381
630188
361936
494654
190346
440546
999220
757205
704035
874983
106430
516048
132990
869693
202646
665468
613472
114694
122264
702287
200446
12115
798206
82094
846413
267823
238498
848837
701689
553978
702287
754568
205732
530957
151073
813793
733994
757946
993477
663608
409180
86575
754568
597877
757946
166129
516448
527370
716727
999220
459589
564475
855641
530454
611032
344114
263063
397934
320544
463314
504264
874244
227363
732171
344114
174522
196932
256405
486554
51554
114694
260807
409180
527370
549875
686758
722208
59069
485724
254260
134650
463100
541755
889230
657239
616078
166380
732171
665468
532185
737496
17419
611911
783205
254158
585805
966487
701261
433181
558832
134650
160415
448752
406364
701689
97381
691286
296037
361936
889230
757205
497144
663608
857147
463100
526459
238498
596040
288564
415492
757946
874983
412513
651292
623399
653930
433353
123613
109876
392493
783205
9715
653930
262192
190346
501007
564475
677635
783205
205732
206937
174522
532185
262192
704035
869693
463314
367650
463314
615385
530454
999915
701689
151073
248864
589680
412909
979805
506429
534479
855641
583605
516448
693339
457334
568929
174522
256405
704035
156721
611911
477276
762421
267273
657239
23369
109876
222117
762421
12115
211171
51796
541755
504264
349427
532185
881651
503132
248864
568929
4080
704035
688448
438445
186520
688448
196932
613472
257292
243333
818305
558832
485724
34325
688448
640376
373874
596040
180914
872906
971032
299094
486554
554904
704035
122120
991341
874983
593331
206937
376619
583605
933502
580522
877338
818305
569299
911783
665045
634644
312950
23369
526459
496092
702170
688448
109876
189504
312950
588718
663608
623399
78855
558301
440546
889529
627205
288564
207301
290066
536290
296037
613472
248864
89873
911783
543461
623399
933630
494654
532185
751996
457334
460271
847219
729176
585805
504264
775849
564475
146984
657239
855641
491105
388953
806939
412909
693339
486554
146984
198221
412909
979876
971032
553216
257292
596040
78855
597877
207301
874983
778185
485724
494654
406364
933630
536290
942997
227363
14266
603521
778185
553216
207301
503132
657239
857147
696998
513329
113408
460271
757946
651292
438445
142098
160013
227363
534479
783205
113408
263063
200446
1
663608
999220
93362
722208
526459
640376
101034
192972
218242
516448
496092
857147
625089
64259
848837
122097
496092
267823
608213
593331
34325
835793
696998
374102
686758
647646
166380
723048
516048
651292
622086
189504
534479
909580
232176
14200
737496
260807
745148
978326
908120
166129
374102
568929
175845
611032
109876
903052
722208
23369
736320
530957
132990
848837
367650
689465
611032
757946
450092
732171
729176
1
205732
183095
677370
401263
823529
789748
4719
491105
979876
267823
665045
254260
166380
613472
12115
154466
569299
701689
775849
220051
677635
354035
243333
156721
179718
122097
463100
188039
855459
290066
448752
415492
232176
86049
554904
611911
256405
553978
564475
23369
497144
96703
762421
543461
979876
999915
290066
444730
364487
115004
625786
911783
583605
855641
627480
677635
463314
783205
151014
94255
932583
572389
115004
168278
596040
360403
23369
97381
889827
310304
196932
227363
625089
885956
857147
580522
558832
442012
848837
206937
630188
862599
64259
156721
881651
190346
185268
238498
17984
971032
554904
855641
593331
290066
262192
670907
741643
867864
200446
513329
429893
732171
444730
17419
583605
517306
238498
869693
999915
244197
885956
254260
795903
935668
44489
935668
993477
460271
851047
716727
254158
25177
889230
554904
485724
729176
627480
12115
640376
54584
736320
154466
14200
497138
908120
625089
678224
402326
374102
911783
971032
855459
677370
785883
885956
612864
862599
885956
433353
651292
966487
388953
869693
558301
486554
696998
976684
993477
530454
701299
256405
470200
589680
526459
772358
889827
757205
244197
23369
254260
649019
932583
349427
460271
132990
433353
530957
294902
397934
118680
460271
232176
496092
293810
657239
440546
549875
232176
966487
857012
113408
911783
878743
196932
691286
966487
50859
569299
909580
878930
716727
835793
604466
646028
857147
188039
625786
877338
434296
778185
248864
885956
199915
325442
179718
597877
433353
823529
889827
354035
971032
665468
466680
611032
57681
199915
965655
691286
175845
97381
122264
444730
93362
455432
589680
202646
570916
62150
457334
445490
993477
701689
485724
848837
186520
312950
589680
126664
639907
86049
463100
282078
867864
582206
701299
541755
701689
455432
789748
463100
185268
1
51796
491105
113408
966311
500851
218242
993477
448752
582206
254158
392493
361936
79515
86575
256405
716727
722151
122264
557762
775849
335430
367650
200446
701299
486554
455432
466680
625089
254597
846413
17984
337303
617478
254260
677370
142098
647646
883288
497144
569299
188039
588718
14266
409180
847857
466680
949293
312950
860249
874983
582206
603521
757205
199915
50859
701299
175845
716727
881651
625786
113408
227363
878930
603521
114694
748787
885956
553216
391440
653930
583605
504264
494654
444730
485724
542400
734482
795903
220051
450092
588148
544921
62150
122097
757205
376619
634644
572384
972936
558301
757946
337303
243333
734482
580522
855641
156721
331293
543461
965655
976684
4080
317995
689465
151073
260807
604466
513329
611032
716727
496092
364487
799239
704035
194859
732171
549875
903052
558832
330471
526459
34325
160415
979876
388953
596040
615385
51796
460604
12115
583605
151014
657239
625786
783568
733994
118680
325442
706279
979876
855641
79515
466680
467676
501007
783205
64259
433181
670837
623399
78855
320544
238498
109876
175845
829779
603521
979876
14266
433181
874983
180152
775849
604466
412513
526459
639907
415492
754568
879931
504264
415492
248864
588718
612864
412513
657239
156721
453721
34325
218242
174522
962585
442012
115004
4080
186520
101034
688448
949293
202646
795903
749723
299094
527026
317995
736320
198221
330471
166129
460604
716469
778185
51796
799239
622086
553216
688448
625089
325442
942997
185268
354035
976387
467676
701299
787969
702287
388953
262192
496092
284631
113408
542400
702170
463100
478485
354035
869693
670837
979805
783205
211171
597877
745148
367650
64259
823529
206937
257292
588148
501007
434296
312950
772358
701299
580522
392493
843168
1
569299
288564
951430
704035
406364
86049
702287
146984
670837
496092
64259
110388
344114
293810
97381
588148
572389
232176
778185
440546
82094
497138
732037
702170
732171
991341
716727
205732
585805
122120
949293
879931
723115
615385
778185
194859
54785
192972
921861
977870
101034
603521
491105
467676
869693
86049
256405
732171
611032
622086
30456
516448
190346
62413
460271
457334
701299
325442
9715
742051
979805
312950
689465
367117
335402
497144
296037
527370
695920
588148
62413
478485
79515
838296
688448
426733
651292
115004
716727
696998
627480
166380
568929
792970
835793
625089
457334
554904
677370
869693
409180
965655
778185
617478
95876
354035
459589
191569
364487
401263
116522
200446
933630
823529
207301
588718
207301
570916
445490
497144
679914
450092
966311
95876
889827
736320
799239
646028
903052
976684
772952
702287
648372
238498
120861
429893
445490
596040
222117
124238
719511
376619
847857
267823
134650
406364
206937
649019
401263
460604
354035
5210
4080
471416
665468
14266
3446
388953
154466
702170
665045
751996
583605
433353
625089
695920
783568
558832
862599
467676
785883
232176
688448
647646
966311
96703
17984
349427
491105
97381
775849
736320
9715
485724
684589
696998
463892
634644
732037
627205
541755
232176
999220
680897
848837
818305
450092
962585
553978
783205
783205
541755
394122
310304
966311
813793
966311
613472
723048
388953
115004
86049
262192
9715
855641
541755
921861
704035
706279
261348
142098
554904
798206
817178
625089
59069
506793
639907
376619
183095
441695
818305
872906
218843
354035
745148
869693
869693
688448
412513
903052
160013
192972
516448
732171
310304
702170
701689
89873
591911
951430
4080
361936
702170
813793
680897
932583
878743
991341
622086
262192
830690
122097
702287
325442
415492
847219
569299
723115
719511
429893
486554
723115
205955
335402
976387
874983
4719
653930
812809
62413
783205
106430
79515
392493
260807
87167
516048
82094
972936
823529
115004
971032
25177
527370
639907
517306
830690
504420
30456
16246
320544
497144
263063
93362
232176
611911
733994
3446
604466
558301
186520
440546
183095
625786
466680
87167
541755
79515
878930
733994
192972
847219
288564
293810
670837
200446
542400
79515
293810
846413
14266
497138
942997
166380
921861
889529
625786
290066
314928
693339
496092
593331
192745
848837
50859
154466
553216
706279
483832
62150
541755
445490
812809
734482
7430
337303
191569
589680
263063
670907
54584
532185
180152
450092
1
679914
588718
288564
12115
470199
121432
124238
616078
198221
444730
142098
558301
544921
646028
109876
284631
459589
434296
582206
640376
527370
450092
695920
134650
846413
97381
702170
591911
772952
494654
693339
878930
933502
688448
557762
16246
549875
267823
889230
450092
670837
904567
406364
12115
881651
62150
855459
860249
869693
616078
889529
736320
185268
243333
494140
500851
248864
701689
737496
374102
613472
783568
262192
477276
267823
796310
596040
394122
93362
261348
211171
796310
568929
536290
670837
142098
64259
9715
361936
121432
222117
310304
678224
344114
344114
186520
645405
951430
188039
483832
704035
254158
497144
806939
798206
267273
542400
402326
701689
979876
341304
649019
754568
408886
142098
698437
701261
165520
974252
5210
737496
737496
627205
979876
949293
732037
5210
732037
434296
415492
394122
617478
666204
218242
689465
290066
262192
933502
118680
471416
294902
748787
588718
860249
470199
151014
889230
442012
491105
772952
829779
267823
561091
448752
341304
54785
106430
762421
483832
911783
680150
190346
463137
745148
999915
504264
762421
792970
433353
14200
206937
751996
442012
180152
1
785096
411922
478485
110388
903052
132990
706279
376619
622086
478485
113408
527370
7430
244197
779701
792970
557762
657239
543461
516448
949293
409180
93362
320544
175845
843168
450092
202646
999220
101034
466680
737496
544921
15799
173689
680150
932583
57681
257292
4719
254158
503132
408886
526459
616078
634644
113408
517306
166380
341304
51796
572384
467676
438445
506429
904567
438445
374102
665045
286584
596769
463100
121432
122264
942997
460604
160415
557762
984399
160415
847857
154466
198221
798206
408886
549875
62361
122120
829779
848837
785883
471416
409180
244197
554904
909580
684589
798206
453721
701261
59069
783568
627480
729176
330471
206937
30456
935668
67466
179718
775849
527370
608213
663608
634644
354035
778185
785883
426733
806939
608213
557762
502126
558301
373874
738684
999915
625786
116522
445490
666204
227363
179718
267273
556322
615385
406364
501007
15799
738684
513727
901483
257292
96703
192972
441695
114694
588718
7430
142098
320544
4719
483832
847994
466680
867864
86049
874983
701689
97381
889230
999915
392493
207301
978326
342154
192972
335402
677635
154466
254158
561091
4719
670837
580522
872906
772952
757205
326779
558301
438445
344114
908120
281763
829779
799239
693339
684589
109876
254158
812809
115004
441695
134650
564475
670837
855459
494140
904567
978326
649019
541755
448752
320544
733994
647646
530454
101034
909580
173689
17419
993477
444730
185268
611032
296037
205955
361936
456790
869693
166129
483832
196932
848837
526459
799239
843168
971032
442012
558301
254260
779933
344114
527026
617478
459589
1
319065
191569
653930
133386
497144
570916
527370
945067
374102
698437
494140
369290
124238
496092
198221
267823
450092
459311
263063
561091
457334
829779
503100
193283
477276
857012
604466
701261
519854
583605
284631
857012
640376
862599
4719
354035
933502
299094
354035
356982
160415
557762
732171
122264
402326
993477
445490
909580
261348
965655
984399
96703
364487
732037
999220
426733
516048
734482
597877
741643
412909
677370
175845
543461
17419
869693
501007
262192
168278
293810
218843
341304
165520
426733
908120
554904
113408
364487
585805
909580
569299
397934
185992
166129
679914
702287
54584
978326
613472
79256
568929
121432
415492
391440
979805
121833
243333
477276
506429
754568
564475
506793
553686
830690
17419
459589
330471
202646
315811
14266
769723
62413
97381
762421
869693
174542
267273
901483
412513
261348
762421
701689
310304
460271
577606
14937
96703
869693
51796
860249
779701
345786
823529
506793
107063
527026
470200
647646
885956
999915
554904
173689
881651
733994
17419
568929
577606
51554
316104
803175
878930
409180
192745
648372
463892
862599
460271
256405
97381
613472
346514
572384
889230
123613
388953
976387
456790
564256
59069
935668
122264
160415
218242
455432
577590
94255
869693
874983
867864
701261
196932
732037
315811
263892
672333
603521
468000
87167
4080
502126
670907
186520
59069
86298
506429
256405
312950
460604
121432
471416
222117
483138
942044
205732
472920
232176
513727
391440
662750
123613
639907
639907
44489
769723
64259
561091
13677
625786
860249
860249
13677
949293
389276
288564
46599
591911
877338
483832
151014
440546
591911
198221
933502
904567
580522
513727
346514
701689
438445
568929
14200
693339
486554
337303
670837
257292
373874
883288
92827
412909
346514
293810
553686
411922
732171
883288
611806
734482
206937
4719
639907
323860
747066
265704
115004
30456
817178
460271
187717
679914
860249
254260
406364
908120
679914
388953
433181
323860
879931
468000
738684
966008
670837
878743
205955
34325
64259
57681
367650
611806
121432
592567
392493
577590
463314
648372
682883
823529
795903
95876
972936
349427
265704
477276
115004
991341
702287
751996
173689
596769
846413
166129
696998
254303
7430
942997
330471
702170
903052
494140
596769
863967
813793
34325
693339
265704
612864
702287
556322
288564
588718
498543
218242
168278
460604
611911
962585
851047
62413
570916
701689
392493
281763
701261
506429
124238
627480
500851
94255
572389
320544
908120
101034
917184
544921
757946
945067
189504
165520
688448
785883
463137
192745
883288
580522
442012
680150
67466
189504
361936
183095
262192
857147
857147
268269
415492
580522
463892
317995
979805
248864
121432
932583
639907
874983
409180
889827
82094
640537
748787
110388
267273
503132
695920
67080
290066
497138
483832
716727
444730
262320
846413
999915
672333
738684
838296
719511
46599
396681
783568
168278
338260
54584
874983
57681
634644
205732
855641
724041
94255
627480
282078
616078
903052
262320
30456
757946
501007
491105
597877
867864
772358
719511
976684
984399
662750
344114
503100
50859
434277
611806
872906
331293
680150
965655
747066
570916
468000
848837
734482
742051
62413
468000
803175
495844
121432
335402
30456
187717
716469
281763
723115
931278
748787
412909
434296
542400
933630
966311
723115
459311
901483
16246
549875
972936
4719
682883
737496
646028
564475
734482
57681
9715
564256
838296
268269
335402
262192
408886
67080
772952
463100
499031
857012
132990
220051
577606
174522
663608
502126
534479
866276
325442
951430
694840
513727
591911
168278
742051
254597
704035
588148
57681
570916
541755
749723
165520
622086
570916
419298
830690
339371
553978
648372
967513
625089
630188
830690
189504
434296
701689
679914
67080
1
962585
78855
338260
933630
257292
4719
772358
751996
911783
775849
118680
374102
737496
627480
517306
933630
701261
757205
813793
804827
695920
951430
51554
838296
342154
133386
778185
491105
190346
263892
337303
444730
93362
281763
466680
627205
331293
979805
202646
319038
26968
438445
153953
254260
497138
101034
463137
722208
123922
319065
396681
733994
942997
502126
568929
326779
541755
852287
732842
686758
775849
945067
310304
977870
611806
843168
706279
611032
554904
154466
847219
373874
470200
62150
513727
364487
290066
702287
799239
506793
192972
121432
592567
640376
504264
710871
179338
503100
721391
558832
796310
604466
561091
442012
190346
15799
543461
772358
256405
194859
290066
51796
874983
553216
646028
799239
254260
543461
122264
541755
7430
323382
95876
110388
187717
325442
979805
15799
665045
46599
889529
261348
823529
582206
433181
991341
179718
434277
951049
627205
138374
436633
179718
615385
4719
133386
338260
878743
254597
662750
722208
483138
13677
627480
572389
580522
64259
789748
370800
648372
646391
603521
911783
202646
222117
369290
376619
45815
156721
290066
404552
185268
701299
724041
82094
209049
54584
209049
67466
153953
209084
346514
406364
582206
622086
648236
191569
3446
639907
949293
679914
335402
640537
978687
862599
543461
572384
596769
680897
86049
503132
701689
942997
680150
754568
495844
193283
772358
568929
337303
829779
933502
326779
764095
354035
764856
516448
315811
191569
354035
7430
702170
25177
940798
45815
187717
195335
754568
972936
679914
935668
561091
558301
627480
926031
257292
459589
389276
121833
486554
541755
409180
553216
541755
138374
7430
570916
892525
402326
64259
670907
89873
3446
109876
401263
926377
17984
101034
389276
218242
618589
16246
222117
671382
889827
206937
785883
647646
866276
513329
26968
932583
608213
319038
227363
835793
506429
553686
554904
879931
109876
79515
851047
263063
680150
479972
356982
220051
948592
202646
557762
716727
634644
506793
976387
134650
569487
491105
502126
205732
263063
441695
349427
792812
187717
323382
883288
951049
325442
747066
122264
657239
634644
612864
878930
409180
701689
966487
874983
553978
693339
972936
775849
680150
506793
121432
749723
604466
513727
939283
622086
745148
911058
316104
436633
198221
691286
281763
733994
843357
346514
327140
612864
361936
314928
847994
367650
772167
401263
933630
640537
338260
504420
577606
733994
572384
613472
622086
314928
122120
911783
326779
979876
202646
268269
340217
838296
457334
516448
238498
471416
97381
455432
267823
396681
556322
180914
180152
339371
314928
209049
389276
732037
564256
412909
486554
695920
723115
721391
785096
86298
23369
459589
294902
79515
627480
904567
339371
945067
326779
616078
121432
312950
553978
680150
757205
185268
702170
433181
787969
194859
588718
662750
122097
611806
121432
979805
671382
14266
670837
310304
113408
367650
592567
732171
572384
445490
349427
847219
519854
179338
672333
951430
323382
470200
232176
79256
966487
978326
388953
892947
869693
506429
879059
502126
159972
556322
553978
202646
477276
702287
830690
634644
993477
123613
179718
14854
238498
647646
448752
754568
51554
710871
677635
198221
166129
408886
878930
785096
123922
222117
951049
613472
14937
568929
107063
657239
123922
516448
462319
564475
868769
122097
561091
459589
404552
470200
516048
391440
200446
17984
191569
185268
122264
908120
764095
402326
406364
63074
298549
412513
457334
666204
647646
677370
320544
503132
603521
19843
338260
530454
338260
605797
965655
433181
879059
402326
909580
218843
268269
931278
701261
57681
402326
874983
205732
67080
737496
337303
165520
680150
722208
475968
200446
729176
202570
889529
613472
335402
327140
312950
971032
999220
406364
588148
976684
153953
79256
344114
966008
945067
196932
569992
577590
558832
926031
881651
593331
564475
319065
187717
34325
63074
156721
87167
748874
534479
133386
789748
803175
670837
455432
901483
596769
634644
467676
960437
889230
198221
1
132990
205732
165520
364487
160415
199915
254303
456790
513329
829779
159972
367117
218242
440546
634644
179338
194859
775849
541755
883288
688448
688448
789748
653930
373874
389276
588718
569992
719511
205732
889827
949293
572384
787969
391440
445490
42270
51796
611032
588148
475968
257292
779701
67466
979805
260807
753308
5210
653930
123922
702170
611911
23369
911783
78855
911058
962585
999220
689465
577606
543461
680897
611806
783205
279396
596769
762421
572389
101034
779701
615385
611911
732037
846413
646391
122795
78855
719511
960437
984399
209049
470200
922717
412513
434296
389276
367854
591911
947367
764856
483832
123613
955321
696998
825968
962585
883288
59069
645405
679914
700593
168278
93362
25177
397934
741643
4080
804827
222117
453721
702287
198221
166380
779701
695920
336861
462319
710871
218242
678224
426733
933630
46599
190346
42270
798206
592567
412513
516448
852287
262320
670837
436633
198221
460271
874244
201987
500851
412909
616078
346514
863967
517306
79256
319065
942997
608213
433353
978326
82094
459311
499031
847857
737496
166380
444730
783205
583605
691286
23369
686758
192972
262192
360403
874244
723048
497144
133386
942997
977002
185992
911783
670907
205524
320544
263063
866276
290066
971032
960437
317995
813793
326779
649019
783205
631606
639907
218843
558832
62150
921861
320544
15799
469050
967513
64259
625786
4080
651292
14200
319038
445490
801097
593331
317995
742051
785096
779701
503132
86049
625089
901483
591235
116522
585805
462319
462319
39928
185992
553686
866276
367650
653930
336861
5210
670907
389276
935668
568389
846413
769723
527370
691286
597877
337303
45825
830690
991341
151014
977870
867864
392493
558301
503100
608213
64259
878930
611806
677635
701689
838913
627205
369290
91725
433353
693339
598067
868769
513329
737496
591911
453721
51796
59069
852287
452693
302173
757205
976684
665045
825968
467330
317995
453721
558301
670907
993477
254260
335402
878743
593331
835793
568389
198221
838913
191569
738684
823529
248864
346514
452693
993477
701299
846413
67466
373874
689528
469050
344114
998692
695920
372980
947367
742051
701299
290066
409180
188039
732037
335402
724041
448752
398508
922717
806939
106430
967513
905553
67080
185992
500851
205955
124238
838913
189504
310304
191569
877338
998692
319065
126664
466680
516277
568929
154466
426733
325442
796310
79256
433353
762421
472920
933502
124238
591911
618589
847994
334734
185992
855641
792970
609108
830690
284631
445490
404552
367854
185992
288564
391440
903052
361936
238498
688448
691286
288564
946433
611032
596769
543461
572384
440546
751996
867864
631606
653930
445828
733994
160013
764095
26968
132990
813793
484218
583605
749723
813793
180914
921861
663608
367117
360403
14266
516448
475968
45815
631606
486554
319065
775849
232176
79515
923113
971032
750417
14854
593331
254336
701299
993477
580522
622086
627205
747066
477276
92313
314928
764856
257907
433353
516048
330471
649019
354039
611911
911058
166183
946433
787969
374102
142098
396681
151014
691286
206937
166129
883288
218843
444730
257907
440546
184174
778185
738684
220051
315811
935668
616078
878743
593331
503132
772952
205524
192972
263892
96703
866276
438445
15799
640537
17419
812809
327140
254158
564256
686758
114694
191569
205524
109876
367117
890870
360403
577590
3446
716727
977870
63074
608213
45825
263063
580522
23107
220051
616078
733994
168278
444730
122264
495844
796310
615385
339371
42270
364487
294902
372980
843168
688448
764856
792970
320544
556322
543461
122097
267823
339371
503132
977002
166129
120861
615385
611911
813000
836773
367117
909580
120861
747066
812809
11141
722151
194859
411922
846413
392493
881651
723115
946433
92313
325442
847857
948592
91725
51554
615385
806939
764095
138374
843357
905553
935668
159972
979876
427183
883288
193283
206937
335402
86298
51554
798206
623399
677635
778185
804827
701689
467676
87167
462268
5210
133386
79256
583605
286584
618589
665045
5964
787969
625089
672333
519854
415492
874983
453721
701299
80515
206937
193283
429893
160013
202646
846413
23107
124238
317995
967513
17419
787969
569299
670907
903052
116522
851047
974252
254260
877338
469050
627205
456790
862599
26968
460271
649019
945718
184174
946433
445490
879059
254158
227363
180152
521891
558832
195335
974252
911058
151073
494140
589680
16246
984399
701689
504420
268269
947367
445828
977870
463137
978687
12115
561091
187717
903052
580522
179338
174469
325442
580522
999220
86575
564475
160415
408886
611806
728603
976684
115004
59069
257292
630188
889827
499031
747066
17984
263892
530454
11141
874983
4080
911783
585805
843357
740568
671382
569299
564256
783205
205732
778185
838296
977002
151014
883288
286584
750417
911783
730513
87167
588718
627205
851047
817178
749723
732171
391440
945067
218843
778185
226584
701299
397934
900610
572384
220051
483138
123613
640376
823529
205524
513727
364487
434296
5210
62413
310088
874983
262192
646391
374102
745148
905553
14200
836773
663608
243333
553978
79256
904567
651292
101034
310088
625089
772167
470200
51796
78855
408886
541755
892525
516448
176288
453721
647646
502126
835793
846413
691286
549875
627205
617478
502126
567512
218242
121432
890870
107063
694840
945067
572389
769723
612217
966487
209049
396681
267823
23107
12115
460604
799239
530957
874983
92313
62150
622086
618589
281763
491105
862599
604466
45815
215917
680897
905553
179718
86049
469050
611911
532185
679914
419298
196932
345786
232176
940798
388953
320544
900610
634644
248864
260807
4080
79543
872906
402326
398421
527026
757946
678224
189504
406364
569487
448752
999220
635796
459589
926031
97381
783205
748787
62518
456790
702287
434296
517306
543461
568389
51554
646391
966008
321344
344114
122795
440546
901483
613472
222117
651292
966008
665468
741643
401263
323382
477276
254597
503132
572389
341304
445828
202570
898931
62361
554904
627205
917184
945718
207301
764856
159972
110388
169440
59069
79515
779933
691286
753308
369290
209084
999915
732842
935668
878930
500851
639907
122264
567512
281763
848837
211171
469050
122795
169440
96703
198221
218843
612864
889230
672333
757205
877338
698437
627205
649019
193283
258722
367854
892525
122264
455432
554904
288564
232176
349099
205732
57681
577590
862599
151014
14854
942044
51796
851047
513329
192972
702170
748874
926377
556842
597877
817178
553686
475968
124238
442012
374102
415487
503132
50859
113287
951430
427183
59069
892525
741643
470199
754568
298549
535405
825213
411922
179338
409180
338260
598067
96703
693339
567512
622086
734482
942997
570916
857012
829779
254597
265704
13677
345786
572389
478485
772167
860249
892947
257292
114694
479972
569992
694840
719511
459311
312950
921861
904567
107063
438445
879059
392493
764856
286584
113287
459311
160013
812809
466680
368245
613472
23369
648372
557762
394122
871920
710871
569299
939283
254336
62361
209084
302173
3446
722208
237257
109876
775053
832501
426733
569487
180152
4719
553978
847857
680974
477276
1
200446
775053
722208
588718
463100
211171
360403
470199
592567
263892
830690
732171
185992
948592
160013
218242
613472
222117
153953
504420
889529
238498
11141
534479
468000
660561
589680
263892
168278
749723
155217
262192
419298
249691
618589
14937
455432
966487
367650
471416
433353
640537
554904
23107
503132
503100
825968
484218
850002
582206
702170
890870
984399
26968
263063
792812
922717
863967
257292
367854
651292
334734
557762
878743
657239
779933
192972
635796
254963
254336
748874
847219
502126
62518
516048
846413
187717
651292
50859
736320
699915
764856
296037
890870
889230
904567
591235
472920
373874
7430
463314
109836
734482
207301
310088
326779
825968
741643
977870
86049
830690
321344
338260
155217
926377
634644
935668
926377
42270
589680
205524
228981
738684
892947
337303
497144
604466
723115
153673
398421
300809
955321
874244
188039
993477
530454
801097
843357
503100
267823
46599
14854
892525
80515
689465
463137
434932
402326
452693
698437
827369
101034
89873
742051
286584
115004
689528
586587
506793
617478
436633
436633
722274
468000
412513
254260
265704
462268
174542
456790
631606
611806
623399
299094
434296
138374
109876
729176
751996
812809
62518
716469
39928
51554
201987
775849
945067
645405
262192
394122
57681
879059
698437
645405
402326
389276
376619
166129
778185
748787
190346
698437
494140
455432
748787
597877
468000
317995
14854
978326
909580
740568
519854
460271
28802
945718
95876
101034
526459
762421
799239
325442
701261
462268
171182
151073
772952
13677
391440
397934
586587
998716
942997
360403
59889
89873
722151
23369
951430
772952
254963
682883
445490
91725
42270
134650
445828
193283
13677
7430
772358
17419
188039
205955
889475
672333
998692
151014
608213
513727
122120
583605
648236
325442
215917
254303
317995
368245
526459
785883
445810
180152
4719
122097
552776
228981
462268
999915
310304
79256
903052
254158
87167
695920
9715
798206
110388
248204
260807
494140
77474
965655
3446
477276
863967
662750
463137
691286
999915
646028
319065
729840
530454
701299
748787
829779
23107
572384
901483
757205
757205
49961
965655
330471
494140
483138
26968
732171
110388
942997
572389
5210
7430
467330
838296
829779
294902
862599
568389
59069
757946
207301
979805
892947
436633
604466
101034
404552
640537
338260
3446
965906
215001
319065
561091
662750
62518
452693
838296
904567
795903
710871
279396
671382
979876
536290
502126
716727
871057
653016
792812
145029
23107
722274
202646
91725
723115
452693
710871
978954
279396
63074
616709
889230
648372
113287
192972
878743
215001
723048
503466
406364
889827
645405
357601
195335
931278
625786
640537
530982
917184
504420
339371
700593
689528
267273
243333
15799
249691
466680
472920
686758
893565
494140
49308
671189
330471
998692
504264
110388
979876
946433
949804
159972
151073
862599
519854
757946
678224
736320
183941
166183
226584
871920
593331
517306
694840
513288
972936
175845
698437
653930
220051
502126
623399
662750
860249
165520
751996
238498
572384
207301
89873
682883
593331
677635
634644
485724
7430
42270
314928
569992
261348
433181
187129
470199
14937
367117
345051
470200
77474
527026
293810
909620
459589
192972
732171
846413
795903
335430
17419
222117
730597
314928
440546
199915
121432
101034
916158
852287
320544
544921
609108
691286
549875
349099
648236
625786
732037
26968
166183
569487
706279
434277
827369
663826
471416
441695
616709
166380
315438
334734
296037
19843
513288
653016
412513
196932
272093
401263
649019
871920
543461
795903
737496
218843
142098
749723
998716
392493
634644
706279
948592
503132
500851
827369
14854
312950
168278
631606
889475
716727
173689
527026
904567
93362
911783
491105
949804
596040
597877
86298
723048
174542
370800
14200
593331
184174
331293
293810
684275
978687
406364
67080
92313
368245
722151
630188
338260
653930
506429
693339
949804
260807
462319
174542
742051
503132
622086
402326
564256
113287
165520
398508
373874
185848
339371
189504
342154
804827
50859
134650
185268
406364
16246
248864
710871
433181
684589
813000
360403
646028
205524
610380
188039
14937
503132
754568
616709
568389
516277
179338
344114
89920
671189
436633
772952
506429
625089
596040
533932
976387
252930
62361
955321
649019
54584
874244
5964
830690
775053
42270
783205
965906
966008
364487
459589
257907
916158
494654
299094
879059
889230
218843
52406
470199
680974
760900
596769
52406
908120
149541
976387
835793
978326
501007
396681
911783
372980
125494
367650
769723
125494
503466
764856
39366
577590
665468
530982
871057
372980
472920
558832
206937
224246
974252
993477
762697
680150
577590
187129
51796
867864
778185
742051
762421
224246
684589
391440
653930
934144
557762
44489
599385
323382
467330
623399
955321
440546
265704
122264
62518
608213
56784
125568
974252
684275
475968
486554
434296
180914
467676
470199
13677
62413
440546
153673
586587
881651
783205
803175
92313
121833
500851
909620
107063
316104
817178
663826
727396
536290
998692
779933
315811
80515
543461
114694
457334
335430
736320
237257
294902
597877
867864
209084
771755
267823
680897
286136
679911
191569
124238
452693
202570
338260
455432
262192
942997
679914
966008
648236
92827
406364
372241
115004
184174
467676
198221
463100
200446
290066
409180
398508
504264
951430
198221
903052
860249
541755
701299
444379
965906
284631
448752
183941
789433
663826
553216
156721
879931
344114
751996
561091
999915
678224
860249
699958
174542
228981
738684
789433
857012
556322
806939
349099
30456
521891
947367
671382
889529
893565
426733
312950
671189
434277
684589
389276
78855
946649
237257
730513
450092
966311
116522
427183
415492
519854
662750
696042
732842
315811
265738
857147
648372
106346
465682
228981
651292
564256
640537
885956
254260
933502
700593
764095
813793
466680
722208
909620
701261
639907
207301
843357
97394
172363
556322
77474
151014
790376
672333
131990
57681
748787
572384
283031
367117
823164
335402
25533
411922
779701
206937
885956
166380
440546
939283
904567
123613
580522
848837
370800
263040
201386
281763
572389
107063
19843
459589
580522
885002
25177
501007
319696
331293
254597
838913
49961
394122
477276
710871
249691
51796
436633
110388
67466
325442
704035
558301
526459
751996
59069
527026
779701
831626
23369
342154
327140
1
89873
396681
274
263892
165520
762421
528460
153673
517306
506793
723048
495844
823164
785883
513727
360403
191569
806939
179718
17984
611911
871057
947367
623399
998716
504420
591235
467330
630188
666204
274
605797
552185
679914
542400
836773
335430
106346
689465
185848
312950
848837
966008
91725
557762
694840
310088
657239
274
504264
738684
771755
967800
257292
999915
89873
651292
228981
5964
534479
966008
640537
556322
616078
320544
316104
290066
521891
51554
184174
218843
729176
503466
89920
753308
118680
513288
222117
462319
60282
823164
754568
702170
364487
11141
497138
89873
79543
610380
603521
200446
892525
9715
722208
892525
605797
462319
59889
680974
799239
153673
732171
613472
530957
863725
62361
205955
665045
406982
640376
945718
742051
580522
962442
904567
77474
42270
243333
905553
589728
803175
42270
279396
463137
494140
468000
81984
205955
684589
946649
665468
588148
778185
593331
663608
323382
942997
211171
567512
796310
92313
852287
680897
504420
244197
829779
609108
543461
785096
323382
2622
855459
556322
569992
388953
580522
452693
232176
262192
541755
583605
4080
28802
825213
479972
412909
623399
978687
926377
824626
60282
330471
50859
444730
696998
663608
284631
836773
747066
596040
818305
596769
185268
89873
579765
258722
760900
174469
232176
302173
680974
441695
192745
728603
445810
686758
513924
616078
368245
851047
541755
691286
294902
616078
327140
54584
490676
44489
244197
951430
279396
317995
762697
185268
263892
535405
724041
745148
645405
569992
513727
444379
2622
125568
825968
210938
760900
926377
205732
752780
483832
456790
434277
391440
901483
114694
239905
372980
582206
955321
260807
976684
978954
179338
474486
445490
254158
360403
646391
220051
699958
887540
141169
483138
397934
277761
401263
106430
411922
922717
738684
946649
45825
218242
346514
588148
611500
321917
39928
831626
513329
995661
769918
277761
171182
202570
651292
497138
436633
577590
16246
846413
693339
843168
179338
653930
364487
193283
751996
293810
734482
7430
871920
46114
244197
263063
64259
93268
479972
370800
319065
589728
926377
25533
410901
829779
617478
97394
972936
49961
475968
46114
932583
635796
258722
960437
966008
625786
475968
721391
290066
355317
847857
611032
890870
698437
665045
691286
459686
699958
52406
274
125568
922717
154466
11141
611032
308473
190346
942044
867864
649019
77474
832501
404552
704035
495844
611500
495844
748874
254597
680974
187129
639907
689528
701452
740568
999915
77474
852287
336861
745148
867864
597169
145029
49308
319038
653016
342132
153953
696042
355317
677370
977002
23107
434932
836773
812809
966439
445490
616709
611806
772167
524791
412909
764095
200446
599385
23107
142073
852287
142098
984399
671189
93362
911783
966439
849398
526707
554904
567512
56784
360403
133386
812809
288564
401263
62150
825213
319696
173689
650336
889827
572389
984399
262192
4080
484218
569487
367117
154466
124238
406364
86049
45815
572384
174522
180152
588718
706279
94255
971032
775849
101034
354035
54785
89873
192745
747066
966311
572389
998716
741643
8106
408263
14854
696998
442012
663826
93362
284631
296037
367650
113408
459589
723048
688448
50859
272093
871057
82094
434277
11141
483832
261348
35783
462319
827437
342728
881651
463100
857147
473570
426733
901483
406982
558301
967513
696042
370800
889475
516277
787969
552185
349427
46114
719511
262320
406364
917184
748787
722151
679914
471648
373874
766734
484218
789748
44489
857012
569299
553978
153953
609108
671382
609300
847994
984399
940798
494140
695920
294902
462268
850072
832501
785883
648236
459589
542400
146984
39928
340217
339371
504420
165520
843357
122120
436720
553216
752780
552185
444730
769918
283031
402326
871057
59069
670837
857012
527370
374102
213668
86298
2622
213668
874244
984399
496092
965906
890870
473195
496092
113408
4080
200632
921861
680974
213668
123922
564475
319065
485724
156082
409180
627480
663608
496092
976387
398421
15890
780985
911783
909620
335402
730540
92827
775053
625786
457218
86049
397934
181743
166183
909580
195335
962585
113287
965906
28802
206937
288564
978954
494140
672333
355317
86575
19843
463100
701689
62150
171182
627205
98703
185992
5964
349427
976387
961279
597877
400425
457218
503466
110388
597877
345051
188039
501007
467330
14200
598067
592567
109876
567512
772358
166918
978687
315811
323860
39366
865736
495844
730540
549875
577590
166918
149541
588718
663608
516048
613472
682883
60282
740568
160415
254260
453721
499838
52406
506429
444379
568389
701261
467676
904567
935668
30456
978687
397934
452098
946563
586587
325442
609300
838913
106346
869693
653930
504420
885956
114694
630188
265738
580522
254303
342728
325442
933630
5910
860249
87167
199915
419298
434296
483832
978954
978954
446826
42270
151014
627480
433353
612864
588148
504970
494140
12115
323382
183672
17525
495844
132990
671189
397934
922717
14937
8722
978954
262320
109836
392493
723115
951049
696998
999220
592733
570916
4080
803175
684589
372980
617478
23369
798206
887540
593331
934144
444730
727396
98703
701689
408886
118680
874983
56784
445828
728603
977002
397934
542400
113408
154466
527370
860249
892525
337303
504420
649019
142073
978954
665468
945067
792970
688493
249691
556322
542400
855459
149541
272093
991341
732037
966993
806939
553216
998716
262320
262320
889341
521891
867864
651292
612864
49961
942997
499838
450092
741230
762421
189504
159972
503132
462268
205955
647646
611032
653930
779933
749723
122120
299122
262192
701261
892947
732842
4719
486554
680150
730597
192972
361936
680150
406364
993477
288564
556322
210938
568389
442318
459686
650336
611032
315811
293810
965655
25177
881651
268412
252930
16246
498543
779933
901483
613472
338260
660561
806939
319065
408263
406364
869693
364487
477276
76010
730540
281763
648372
149541
701689
284631
967800
2622
369290
97394
220051
911783
281763
345786
402326
258722
825213
180152
78855
19843
191569
698437
203785
325596
639907
653016
334734
832501
754568
45815
412909
729840
91096
928006
257907
771755
528460
544921
264951
290066
113408
14854
264951
455432
149541
648372
789748
402326
237480
484218
603521
206829
244197
817178
589680
2622
535405
446826
45815
323382
823529
462268
115004
261348
939283
472920
752780
775053
553216
823164
316104
81984
201987
86298
517306
935668
604466
849398
827369
243333
589680
412909
126664
446826
399004
49961
553686
331293
684775
526707
341802
262192
327140
8106
504970
966993
463137
639907
878930
911783
556842
59889
338260
86575
534479
831626
491105
883288
457334
526459
222117
193283
999915
142073
835793
39928
582206
62413
9715
789748
775849
185848
401263
716727
50670
17419
78855
660561
267273
192745
680150
459387
484218
42270
721907
732842
308473
176288
608213
532185
275171
596040
634644
887859
385103
415487
998692
939283
729840
60282
403209
62622
372241
680974
900610
722274
60255
930609
402326
653930
64259
586587
883288
790311
256405
554904
611911
410901
116522
564256
599385
244197
319038
54785
862599
374102
226584
192745
156721
452693
323382
835793
77474
341304
843357
341802
485222
552185
109836
154466
825968
218242
942044
503466
757946
722208
242521
81984
121432
966487
80515
441833
57681
179718
504264
710871
889529
272093
369290
608213
762421
678224
436720
530957
818305
795903
444967
254336
174469
569299
134650
296037
880959
14266
991341
946433
406364
680150
497138
609300
299094
325596
863967
94255
399004
185848
567512
521258
999220
237480
932583
126664
399004
846413
86049
789748
532185
955321
340217
319065
444379
238498
541755
79543
740568
62413
453721
97394
345786
341802
728011
615953
695920
855459
498543
609108
199915
408131
680897
785096
436937
286584
369595
732842
871920
497144
670907
427183
173689
436720
926377
456790
622086
109876
62518
544921
967513
881020
857147
581152
342154
554904
877338
679914
14200
825968
585805
701254
96703
513288
81984
647488
467676
123613
155217
696042
903052
117964
721907
8722
577590
528460
928006
342728
678224
294902
769918
485724
570916
238498
62361
799239
3446
133386
769918
869693
764856
589728
572389
462268
403209
345051
185268
701452
979876
665045
528460
486554
904567
613472
526707
877902
114694
467330
62413
568929
374102
588148
977482
677635
15799
764856
184174
396681
207301
961279
612864
909620
653930
741643
96703
517306
160013
737496
494654
783568
472920
193454
77474
827369
648292
530454
455432
256405
174522
892525
361936
878743
398421
457218
310088
823529
336861
704035
977002
795903
107908
979876
951049
634644
263063
321602
4719
949293
734482
732037
795903
671092
978954
611806
635796
889341
215917
254260
44489
589728
180152
39928
528460
436633
923113
243333
966993
302173
710871
237257
552776
971032
319696
542400
142073
59889
863725
201386
857147
748787
174522
244197
4719
122795
611806
109836
282078
123613
361619
916158
459589
517306
373874
282078
39928
402326
62518
827437
532185
45815
499838
760900
355317
701689
426733
912469
485724
883288
887540
113287
257292
616709
106346
288564
570916
966487
207301
757946
426733
665468
956064
14200
336861
62622
416332
174542
141169
220040
345051
340115
616078
444967
438445
503466
106430
483138
121833
185992
427183
83278
860249
699915
948
733994
179338
611500
664586
723048
201386
15799
625786
689528
95876
369595
113287
315438
288564
556842
187717
321602
114450
967513
855641
724041
1
174542
530454
645405
750417
338260
732171
471416
533932
949293
462268
98703
535405
321602
67466
30456
2622
260807
316104
429893
738684
860249
702170
133386
598067
367650
599385
930609
568389
972936
966487
91096
54785
202646
689465
751996
556322
455432
215001
151073
254158
1
25533
299297
796310
702287
556842
14854
513924
75621
118680
847994
583605
857147
691286
76010
299297
938880
195335
410901
923113
847219
166380
434296
977870
205524
67466
86049
342132
552185
868769
179718
92313
330471
496092
569992
205955
984399
203891
603521
962585
183672
455432
456790
634613
260807
47508
218843
847994
92827
249691
296037
932583
775053
852287
503466
514132
966008
408886
939283
183672
484218
477276
504420
321917
400425
442318
268412
113287
462319
1
456790
256405
935668
402326
93362
193283
615953
934592
460459
467330
300809
698437
249691
97381
268788
499838
491105
513924
561091
988644
412513
519854
460271
732842
544552
274
354035
829749
999220
263063
155217
851047
504970
772358
885956
569299
504420
786959
665045
695920
205732
760900
651292
325442
460271
553686
286978
288564
553216
613267
730540
218843
485855
867052
106346
323382
205732
766734
468000
375805
532185
978687
974252
686019
426733
375805
121432
933630
394146
62518
553686
909580
441695
701689
483138
889529
463137
220040
5910
514132
470200
945718
262192
701299
166129
64230
166380
686758
402326
951049
218843
497144
317995
877338
701689
315811
577606
965655
86575
965906
672333
701452
126101
934592
62150
462319
342728
838296
315811
998716
159972
276817
411602
361619
293424
300809
639907
702287
857864
532185
760900
702287
460459
128318
444967
211171
500851
500851
86298
331293
898931
159972
702170
737496
265704
132990
874244
504970
535405
227363
57681
357596
535405
210938
452098
843357
799239
446589
174522
772358
513924
684275
42270
671189
817178
719511
265704
218242
457218
446589
200632
931278
650336
925658
479972
634613
649019
290066
372980
46599
315438
237257
742051
406982
535405
528460
244197
159210
316104
702775
680150
803175
300809
224246
174469
516048
325596
582206
323860
462319
281763
824626
373247
940798
452693
670907
436937
445810
404552
159210
577590
779933
319065
829749
885956
538583
572384
436720
17419
878743
248864
971032
222117
64230
323382
299094
499031
516277
728011
60282
836773
928006
733994
889230
445490
232176
456718
282078
317995
320544
760038
877338
173409
3446
300809
925658
62150
173689
188039
264951
728603
335402
185992
616078
268269
207301
630188
728011
812809
314928
639907
684775
394651
49961
905553
462319
719511
45825
883288
186520
949804
716727
167417
131990
951430
281763
662750
790376
771755
388953
46114
398508
261348
121833
79515
728603
268412
909620
354035
733994
583605
335402
69854
442012
426733
485855
81984
166918
993477
609108
989003
583605
596040
734064
647488
364487
646391
622086
785096
441695
742018
47508
670837
680150
850002
249691
495844
532185
203785
180152
519854
201987
77474
665468
612696
611500
341304
341304
436937
542875
267823
166918
8722
843168
457218
702775
611806
926031
444967
754568
779701
611911
302173
440546
411922
357453
684775
388954
320544
410901
345786
611911
27455
544921
946433
848898
165520
838913
830230
46599
846413
881020
698437
939283
586587
452098
25533
59889
827437
885002
394122
151014
237257
887540
357601
625786
168278
513727
181743
169419
868841
671382
122795
849398
78855
813000
228981
87167
483832
1
81984
209084
49308
239905
623399
605797
54584
741230
419298
991341
812809
17419
86575
771755
759215
569487
5964
11141
192745
917184
976387
69854
86298
64230
62622
999220
142073
211171
552776
932583
5910
741230
189504
361936
460271
728011
175845
771755
91096
49961
671092
25177
779933
823529
484218
710871
780985
268269
572389
598067
625786
599385
150697
15799
294902
323382
211171
727396
4719
843357
452098
444967
757946
210938
9715
721907
472920
671092
679911
789433
62518
131990
759215
25439
385103
438445
710871
215917
598067
268412
562929
77474
495844
495844
770169
749723
231649
87167
967800
206937
317995
270144
475968
885956
156082
495844
564256
17525
228981
863725
732842
409180
345786
701299
483832
759215
640537
498543
593331
113287
252930
444730
335430
665045
290066
737496
597169
850072
5210
128318
701452
120861
357601
572384
453721
156721
730540
804827
514132
391440
519854
14937
365825
256405
712072
416332
889529
220040
789748
699958
764856
281763
248348
452693
30456
174469
999915
187717
86298
916158
89873
503132
527370
196932
372241
646028
700593
804827
258722
741643
846413
445828
926031
569487
536290
398421
375051
745148
360403
649019
757205
771755
156721
97381
469050
532185
732171
239905
752780
556322
677635
879931
282078
321344
794228
796310
829749
258722
412909
567512
869693
457218
775849
719511
463892
806939
948
174572
427183
653930
118680
335430
11141
222117
613267
934592
198221
951049
984399
107908
932583
335402
452098
268788
205955
538583
131990
44489
599385
69854
823529
320544
460271
79515
764856
367854
880959
460459
684589
93362
640376
851047
933630
8106
516277
500851
338260
625089
267823
455432
872906
397934
582206
322974
503132
228981
744239
662750
39928
456718
398508
813000
666064
704035
436937
470199
195572
558301
113408
460604
848837
599385
659602
544552
83278
935668
2469
193283
470487
189856
740087
577606
293424
412513
325442
965906
14854
867052
218843
893565
392493
569487
94255
847857
911783
701254
757946
342728
850002
209084
934592
114450
722208
166129
723048
689528
49961
792812
92827
825213
123613
519854
408131
460459
125568
192972
926377
153953
568389
499838
823164
757946
256405
399004
187717
180152
978326
321344
79256
183672
17984
528460
23369
181743
455432
194859
254260
187129
778185
5910
323382
770169
878743
338260
341802
174522
237257
818305
265738
115004
591235
325596
398421
651292
286584
282078
549875
647646
257907
434932
410901
60255
59069
609300
474486
114450
611500
179338
789748
648372
427183
490676
78855
205524
748874
670907
116522
436937
591911
392493
356982
497111
397934
475968
738684
724041
226584
724041
909620
631606
878930
848898
965655
267273
871057
132990
562929
199849
54785
719511
357601
17419
203891
688448
825213
530957
192972
373247
728933
573352
416332
394146
185268
962442
394146
17984
889230
872847
82094
209049
684589
354035
262192
19517
832501
916158
193454
419298
284631
792812
97381
15890
569299
558832
736320
883288
319038
335402
254963
558832
294902
444379
530982
63074
865736
275171
909580
394651
684775
82094
319065
892525
506793
521258
516448
934144
12115
286978
205732
427183
342728
497138
823529
60282
242521
204942
299122
465682
868769
727207
188039
786959
659602
740087
741230
722151
867864
92313
335402
976684
664586
645405
728011
977002
456718
376619
300809
372241
588718
933630
8722
835793
503100
213668
693339
92827
524791
511022
778185
942044
220051
538753
513288
542400
194859
678224
778185
764095
441833
122795
242521
189504
767193
903052
798206
582206
740568
372241
121833
123922
634644
702408
813000
444730
824626
345051
62899
647488
44489
857012
885956
945718
335430
60282
977870
801097
326779
847857
337303
946649
286659
688493
319696
794228
14854
429893
592733
342132
989003
564475
372241
497144
719511
87687
290066
848837
593331
258722
325442
406982
567512
325442
290066
42270
919542
998692
17419
213668
374102
392493
848898
701452
453721
544921
898931
249691
124238
878930
514132
417796
999220
459387
978954
171182
734482
513288
984399
732037
938543
978326
174542
96703
909580
429893
175845
433353
339371
670907
263892
167417
69854
358271
122120
183941
494654
14200
741643
634613
178709
19517
218843
193283
966311
701689
978687
769918
467330
877338
27455
345786
946649
513924
949229
462319
785883
562929
14266
15890
323860
871057
824626
335402
153673
597877
293424
86813
206829
294902
905553
156721
275171
506628
39366
785096
716727
679914
341304
847219
863725
627480
248348
799239
728933
215001
367117
79515
530982
801097
46599
293810
977482
610380
872906
789748
704990
922717
54785
935643
596769
558832
201386
52406
878117
851047
257907
399004
627205
499031
934144
1
948
838913
666064
798206
394651
751996
544552
28802
195335
985889
486554
260807
180914
326779
825213
193407
536290
286584
345786
556842
27455
526459
613267
367854
5964
988644
828294
838913
851270
257907
404552
483832
248204
375051
284631
374102
850072
597877
91096
592567
93268
554904
750417
193454
757946
702775
722274
183095
118680
783568
503132
908120
35783
199915
671382
521258
471416
702408
463137
995661
971032
966008
494140
388953
5910
248864
165520
381215
762697
394146
730186
268788
60255
701299
612864
497111
524791
427183
205524
535405
542400
459311
122795
892947
321344
304676
345051
931278
373247
741643
86049
829779
3446
724041
933630
926031
183941
472920
887859
23107
789433
723115
76010
207301
965655
39366
468000
779701
457218
94255
189504
732037
572384
