1
1
1
1
1
257292
257292
257292
1
1
1
1
1
257292
1
257292
227363
257292
1
227363
257292
627205
627205
257292
257292
257292
227363
320544
627205
227363
320544
478485
180914
478485
818305
478485
478485
627205
627205
478485
478485
818305
818305
526459
320544
933502
627205
526459
478485
478485
478485
426733
320544
516048
227363
227363
526459
516048
320544
1
526459
426733
257292
627205
320544
818305
180914
331293
516048
933502
320544
627205
331293
818305
227363
1
227363
627205
50859
627205
180914
50859
478485
331293
180914
627205
331293
526459
227363
227363
180914
553216
933502
553216
526459
50859
553216
627205
627205
568929
257292
568929
818305
818305
549875
180914
64259
122264
723048
320544
497144
180914
257292
568929
526459
627205
122264
497144
497144
227363
64259
516048
568929
933502
568929
122264
331293
568929
257292
257292
497144
320544
1
478485
723048
723048
320544
723048
516048
227363
64259
818305
553216
723048
64259
257292
933502
549875
227363
627205
1
64259
426733
526459
627205
549875
331293
257292
257292
478485
526459
723048
320544
549875
932583
526459
526459
723048
723048
818305
227363
180914
932583
723048
627205
932583
553216
932583
723048
478485
932583
627205
257292
122264
1
122264
227363
64259
526459
933502
497144
64259
723048
648372
932583
1
122264
227363
516048
257292
933502
818305
568929
257292
290066
122264
227363
290066
818305
723048
553216
50859
64259
1
818305
320544
568929
426733
818305
516048
553216
180914
932583
549875
932583
227363
933502
627205
526459
180914
933502
478485
290066
320544
426733
497144
549875
227363
1
553216
648372
908120
549875
227363
257292
627205
580522
497144
526459
516048
122264
818305
1
568929
580522
290066
553216
331293
999220
331293
908120
497144
648372
64259
549875
50859
818305
932583
54584
1
180914
612864
648372
580522
500851
908120
627205
516048
124238
670907
50859
205732
1
174522
64259
612864
227363
320544
932583
818305
331293
549875
999220
205732
50859
580522
174522
516048
704035
257292
227363
704035
497144
122264
205732
257292
612864
999220
612864
205732
612864
704035
500851
553216
526459
205732
471416
516448
516448
67466
908120
932583
124238
908120
933502
648372
290066
908120
568929
704035
227363
723048
516448
748787
951430
516448
205732
478485
320544
999220
64259
526459
174522
612864
526459
627205
290066
513727
513727
174522
444730
500851
723048
932583
331293
627205
367117
933502
648372
526459
500851
704035
504264
516448
748787
704035
526459
504264
124238
513727
704035
497144
471416
331293
54584
513727
568929
818305
612864
526459
504264
908120
478485
504264
227363
227363
613472
497144
122264
504264
174522
174522
613472
205732
729176
500851
331293
677635
818305
180914
932583
1
220051
504264
220051
174522
500851
999220
933502
612864
754568
180914
999220
122264
478485
526459
205732
500851
122264
220051
293810
426733
999220
723048
748787
227363
54584
220051
648372
627205
497144
444730
426733
205732
349427
951430
54584
445490
220051
627205
293810
205732
999220
568929
754568
290066
580522
471416
722151
516048
349427
293810
549875
220051
122264
349427
885956
722151
497144
50859
701261
701261
293810
612864
205732
349427
50859
471416
426733
444730
220051
180914
612864
67466
67466
932583
704035
293810
754568
331293
553216
227363
62413
612864
257292
445490
627205
254260
349427
513727
993477
677635
54584
723048
54584
723048
205732
471416
729176
34325
415492
367117
471416
613472
627205
580522
257292
993477
677635
122264
34325
932583
293810
665468
34325
293810
500851
504264
444730
612864
227363
57681
293810
220051
627205
999220
516448
180914
526459
426733
568929
993477
513727
57681
349427
367117
227363
933502
57681
979805
426733
320544
818305
677635
205732
580522
723048
415492
426733
549875
513727
580522
349427
818305
993477
122264
290066
64259
677635
497144
331293
64259
722151
701261
254260
516448
504264
349427
612864
979805
526459
67466
701261
933502
174522
331293
62413
62413
478485
54584
504264
979805
665468
426733
580522
979805
723048
174522
459589
818305
64259
647646
723048
908120
999220
999220
459589
254260
526459
751996
951430
504264
933502
908120
526459
30456
180914
951430
426733
670907
648372
513727
254260
999220
701261
627205
748787
933502
497144
885956
290066
463892
999220
445490
54584
723048
613472
751996
748787
290066
670907
568929
580522
220051
580522
64259
62413
349427
617478
526459
54584
754568
459589
951430
34325
67466
331293
30456
244197
478485
657239
885956
908120
293810
908120
34325
878930
34325
818305
516448
463892
513727
254260
951430
979805
568929
516448
497144
908120
254260
513727
885956
320544
445490
751996
331293
415492
670907
723048
885956
999220
367117
67466
254260
665468
979805
878930
935668
813793
648372
426733
444730
244197
933502
57681
513727
558832
908120
526459
331293
293810
558832
979805
908120
526459
568929
460604
580522
701261
933502
818305
450092
818305
729176
722151
647646
613472
558832
516048
54584
617478
131990
227363
648372
312950
751996
526459
751996
459589
670907
722151
244197
222117
701261
64259
50859
722151
665468
320544
813793
331293
174522
500851
670907
50859
665468
460604
526459
227363
553216
677635
558832
180914
57681
568929
627205
290066
445490
979805
62413
648372
935668
580522
54584
57681
909580
617478
17984
349427
627205
504264
50859
459589
516048
320544
497144
627205
513727
349427
908120
701261
299094
500851
34325
751996
665468
460604
553216
504264
222117
220051
331293
471416
613472
426733
220051
367117
722151
57681
180914
627205
440546
935668
440546
222117
516448
17984
205732
754568
408886
478485
254260
293810
657239
504264
361936
748787
444730
205732
704035
999220
444730
677635
526459
124238
34325
312950
218242
951430
723048
367117
500851
612864
549875
558832
497144
205732
460604
751996
513727
813793
612864
34325
349427
34325
647646
30456
993477
670907
513727
463892
463892
445490
496092
415492
878930
444730
979805
908120
444730
227363
293810
478485
54584
694840
34325
748787
999220
67466
293810
504264
463892
526459
440546
665468
205732
558832
174522
625786
445490
205732
729176
478485
122264
568929
299094
367117
166380
500851
513727
376619
932583
64259
376619
444730
933502
504264
218242
57681
67466
657239
568929
154466
878930
180914
290066
478485
568929
648372
312950
549875
459589
813793
701261
174522
131990
549875
677370
174522
166380
530957
426733
516448
349427
154466
222117
908120
222117
530957
440546
625786
722151
580522
908120
444730
220051
444730
568929
516448
516448
701261
558832
124238
625786
459589
293810
568929
218242
516048
704035
227363
471416
694840
909580
526459
459589
82094
154466
568929
57681
677635
909580
122264
257292
745148
244197
64259
908120
549875
408886
14266
82094
558832
57681
554904
463892
933502
516048
516448
993477
122120
627205
17984
617478
218242
677370
613472
131990
648372
497144
627205
349427
122120
62150
450092
496092
293810
54584
254260
64259
408886
908120
951430
677370
722208
180914
504264
554904
617478
677635
908120
648372
166380
57681
445490
284631
463892
665468
500851
205732
722151
331293
733994
677370
772358
299094
526459
951430
331293
14266
222117
835793
166380
787969
54584
613472
166380
349427
787969
14266
151073
62413
580522
244197
426733
677635
665468
67466
580522
597877
778185
549875
723048
478485
154466
580522
154466
349427
174522
878930
293810
694840
813793
729176
506429
151073
188039
463892
463892
154466
220051
17984
932583
463100
17419
647646
188039
471416
64259
299094
331293
496092
612864
504264
205732
677635
120861
478485
878930
254260
62413
122264
124238
993477
151073
500851
778185
1
64259
568929
17984
290066
951430
516448
433181
312950
513727
320544
612864
290066
558832
625786
778185
909580
748787
751996
627205
729176
294902
932583
244197
131990
554904
806939
57681
361936
459589
478485
778185
701261
612864
757205
677370
733994
227363
754568
444730
972936
751996
299094
388953
320544
110388
684589
57681
293810
757205
367117
617478
526459
62413
463100
433181
254260
751996
935668
67466
778185
775849
665468
835793
516448
657239
627205
54584
526459
677635
530957
684589
501007
409180
205732
500851
367117
220051
263063
57681
62413
205955
580522
471416
34325
320544
331293
463892
122264
188039
701261
993477
617478
501007
180914
908120
976387
294902
220051
124238
290066
558832
597877
82094
778185
513727
299094
463892
156721
23369
608213
415492
504264
976387
549875
748787
477276
14266
284631
122264
67466
82094
14266
665468
257292
54584
294902
597877
122264
677370
54584
426733
220051
748787
999220
459589
806939
290066
124238
580522
513727
999220
471416
885956
166380
553216
194859
67466
374102
471416
625786
549875
733994
331293
778185
244197
568929
415492
227363
872906
976387
293810
513727
174522
293810
597877
872906
34325
647646
310304
553216
932583
580522
284631
748787
608213
14266
310304
122120
409180
701261
440546
835793
284631
549875
205955
445490
205955
227363
745148
408886
222117
704035
331293
684589
568929
911783
729176
254260
205732
463100
757205
678224
1
376619
908120
310304
14266
733994
613472
34325
719511
471416
625786
312950
625786
50859
748787
62150
30456
999220
288564
101034
627205
440546
951430
23369
878743
23369
670837
564475
500851
657239
496092
806939
131990
564475
748787
935668
608213
722208
438445
463100
972936
787969
244197
549875
729176
463100
625786
23369
23369
933502
878743
558832
617478
608213
553686
999220
976387
110388
951430
180914
634644
220051
110388
933502
445490
677635
558832
745148
500851
806939
17419
935668
597877
588718
608213
617478
909580
722151
526459
124238
677635
62413
205955
909580
82094
678224
288564
478485
409180
254260
935668
30456
374102
151073
120861
749723
516048
174522
608213
331293
627205
657239
999220
388953
299094
501007
500851
933502
932583
657239
218242
751996
440546
723048
310304
14266
23369
205955
617478
612864
513727
778185
911783
460604
615385
294902
627205
156721
818305
349427
151073
835793
205955
878743
376619
14266
299094
188039
460271
14266
440546
497144
174522
885956
716469
722151
625786
911783
999915
244197
409180
751996
665468
34325
62150
696998
151073
516048
772358
409180
813793
999220
477276
878930
1
932583
504264
549875
634644
878930
120861
554904
17984
17419
450092
202646
549875
647646
526459
513727
593331
889529
205955
549875
999220
751996
933502
588718
110388
597877
331293
921861
166380
723048
478485
243333
972936
772358
101034
478485
787969
749723
504264
122264
96703
17419
388953
485724
617478
813793
442012
478485
409180
729176
889230
649019
704035
433181
588718
188039
179718
647646
889230
96703
440546
331293
409180
124238
122120
506429
460271
299094
120861
463892
593331
62150
564475
110388
976387
243333
299094
684589
722151
154466
813793
349427
122264
202646
516048
254260
433181
751996
921861
331293
648372
500851
331293
597877
757205
504264
57681
516048
872906
17419
54584
665468
526459
684589
123613
82094
17419
156721
14266
627205
166380
670837
154466
554904
615385
124238
426733
110388
227363
257292
775849
86575
701261
818305
460271
778185
180914
772358
640376
448752
485724
409180
911783
553216
909580
220051
391440
978326
625786
617478
17419
775849
806939
374102
96703
787969
549875
408886
110388
179718
496092
478485
263063
684589
921861
496092
290066
367117
50859
142098
516448
496092
526459
62150
657239
909580
114694
243333
194859
17419
122120
778185
438445
312950
17984
694840
516048
312950
516448
751996
50859
670837
778185
732171
194859
889230
889230
597877
391440
772358
722151
44489
513727
477276
34325
976387
748787
497144
101034
86575
751996
82094
558832
516448
634644
23369
122120
118680
374102
444730
376619
260807
501007
154466
496092
17419
62413
665468
257292
471416
932583
199915
657239
722151
166380
34325
670837
597877
205955
218242
290066
227363
722151
553686
729176
569299
17984
745148
131990
733994
50859
44489
110388
496092
921861
554904
122264
263063
613472
478485
911783
513727
558832
754568
513727
442012
775849
648372
59069
17984
131990
612864
438445
889529
778185
921861
889230
54584
818305
754568
349427
733994
199915
558301
553216
921861
4080
50859
450092
593331
192745
220051
625786
122264
485724
889529
260807
701261
367117
554904
485724
44489
194859
889230
612864
154466
696998
166380
732171
64259
501007
504264
254260
44489
151073
262192
296037
648372
951430
722208
320544
504264
867864
751996
787969
205732
719511
376619
123613
889230
293810
911783
588718
613472
513727
501007
613472
872906
408886
14266
460604
284631
611032
806939
979805
813793
415492
86575
719511
14266
701261
131990
299094
627480
733994
151073
445490
999915
608213
179718
951430
627205
932583
254260
459589
783205
976387
312950
702170
118680
194859
748787
123613
244197
857147
122120
54584
156721
745148
57681
205955
513727
569299
885956
885956
966311
678224
611032
972936
857147
374102
569299
751996
426733
615385
14266
783205
615385
463892
409180
869693
972936
979876
889529
426733
244197
787969
613472
640376
977870
921861
745148
670907
17984
889827
612864
564475
471416
972936
294902
388953
921861
106430
408886
110388
86575
460271
745148
558301
415492
260807
719511
732171
694840
174522
527370
553686
367117
477276
527370
205955
485724
478485
798206
388953
262192
588718
388953
101034
106430
670907
260807
757205
640376
649019
704035
1
202646
733994
979876
677635
999220
494654
527370
154466
62150
878930
991341
448752
438445
459589
433181
558832
154466
262192
857147
933502
192745
154466
921861
406364
124238
367117
220051
96703
227363
554904
999220
376619
463100
516448
978326
388953
188039
284631
438445
701261
615385
450092
361936
627205
310304
627480
110388
62413
374102
678224
549875
723048
151073
257292
222117
513727
613472
670907
966311
293810
627480
426733
396681
34325
553686
553686
463892
813793
889230
627205
729176
558301
757205
442012
978326
62150
116522
54584
179718
123613
367117
612864
243333
151073
772358
179718
580522
440546
1
972936
485724
202646
589680
999220
589680
82094
262192
131990
627205
979805
885956
440546
999915
122264
701261
647646
627480
478485
689465
82094
57681
951430
89873
290066
649019
749723
670907
733994
889827
615385
979876
701261
634644
64259
516448
647646
415492
222117
608213
869693
62413
733994
972936
426733
719511
909580
732171
124238
615385
729176
124238
702170
694840
426733
496092
627205
504264
694840
331293
848837
911783
657239
116522
391440
349427
617478
50859
151073
889529
627480
120861
729176
608213
612864
151073
448752
238498
442012
67466
190346
486554
611032
344114
123613
787969
553686
397934
151014
813793
751996
196932
775849
513727
570916
977870
977870
262192
460604
96703
911783
448752
597877
198221
82094
106430
478485
17984
196932
260807
180914
260807
677370
932583
911783
516048
966487
722151
196932
625786
114694
57681
406364
34325
678224
116522
677635
262192
198221
568929
933502
867864
156721
625786
857147
460604
408886
254158
729176
798206
617478
677370
817178
142098
580522
772358
812809
889827
192745
580522
463100
611032
695920
693339
463892
689465
670837
406364
433181
976387
142098
96703
198221
438445
611032
243333
564475
205732
966311
867864
254158
568929
1
118680
874983
501007
397934
89873
999220
670837
260807
612864
290066
463100
180914
751996
818305
288564
349427
665468
732171
96703
704035
622086
817178
972936
471416
911783
678224
570916
729176
932583
979876
238498
467676
82094
857147
978326
433181
991341
101034
558301
649019
612864
872906
622086
59069
775849
299094
25177
733994
702170
156721
118680
751996
564475
101034
62413
244197
570916
757205
835793
966311
935668
869693
320544
113408
532185
64259
442012
729176
406364
86575
205955
670907
733994
14266
312950
588718
932583
991341
951430
630188
696998
367650
530454
86575
374102
331293
935668
412513
122120
754568
526459
991341
689465
630188
337303
101034
180914
569299
106430
564475
409180
188039
783205
818305
751996
778185
647646
553686
120861
553216
867864
205955
889827
702170
526459
123613
463892
976387
101034
665468
588718
634644
220051
194859
131990
44489
867864
695920
966487
817178
694840
704035
392493
156721
733994
463100
59069
124238
202646
116522
82094
872906
122120
704035
445490
331293
392493
113408
991341
649019
444730
467676
665468
151073
222117
722151
477276
568929
376619
588718
603521
82094
695920
979805
732171
657239
438445
911783
608213
908120
751996
220051
702170
262192
30456
702287
67466
568929
608213
991341
222117
847857
532185
205955
670837
146984
260807
206937
154466
503132
183095
878930
694840
909580
205955
570916
530454
154466
205732
67466
17984
716469
433181
218242
59069
818305
205955
262192
337303
695920
889827
284631
640376
101034
179718
262192
506429
122264
222117
640376
205955
564475
999220
496092
932583
874244
243333
123613
200446
757205
1
59069
89873
848837
848837
513727
933502
665468
613472
180914
648372
588718
288564
238498
701689
1
260807
118680
670907
627205
630188
494654
874983
64259
757205
198221
335402
86575
530957
412513
857147
501007
583605
878743
689465
151014
374102
477276
188039
596040
979805
238498
630188
733994
198221
604466
979805
23369
188039
299094
192745
412513
109876
772358
684589
751996
695920
146984
396681
205955
376619
806939
335430
684589
109876
367650
693339
486554
106430
450092
17984
597877
109876
651292
716727
527370
415492
183095
166380
86575
677635
617478
206937
589680
497144
408886
44489
86575
597877
570916
979805
751996
132990
433181
190346
151014
670837
459589
612864
684589
120861
657239
122264
67466
342154
199915
877338
146984
908120
485724
979876
471416
536290
869693
627205
438445
903052
376619
471416
460604
553216
503132
62413
142098
737496
979876
450092
935668
694840
232176
798206
684589
337303
96703
392493
497138
263063
696998
651292
677370
62150
889230
460604
412909
857012
798206
966487
722208
113408
485724
426733
471416
775849
392493
588148
999220
267273
530454
1
124238
972936
131990
25177
885956
568929
719511
878743
376619
737496
889230
639907
257292
932583
812809
86575
412909
342154
536290
284631
568929
211171
503132
663608
477276
693339
625786
477276
471416
196932
526459
220051
460271
448752
412909
257292
506429
999220
617478
869693
288564
597877
596040
256405
857012
806939
966311
749723
142098
124238
202646
622086
205732
678224
114694
122264
639907
553216
966311
513329
433353
596040
200446
496092
835793
716727
627205
293810
288564
516048
689465
267823
748787
630188
569299
64259
134650
564475
391440
543461
745148
867864
672333
733994
183095
615385
549875
500851
588718
227363
908120
296037
79515
196932
684589
54584
89873
429893
188039
670837
457334
663608
855459
433181
391440
593331
335402
572389
646028
374102
530454
335402
166129
549875
627205
757205
663608
757946
716727
232176
616078
693339
737496
293810
485724
527370
200446
44489
166129
478485
412909
460604
12115
238498
254158
783205
787969
889827
254260
787969
79515
933630
396681
220051
243333
429893
134650
536290
445490
200446
115004
651292
617478
196932
553216
722151
835793
448752
549875
663608
486554
933502
991341
553686
408886
263063
64259
254158
543461
627205
486554
722208
97381
630188
361936
494654
190346
440546
999220
757205
704035
874983
106430
516048
132990
869693
202646
665468
613472
114694
122264
702287
200446
12115
798206
82094
846413
267823
238498
848837
701689
553978
702287
754568
205732
530957
151073
813793
733994
757946
993477
663608
409180
86575
754568
597877
757946
166129
516448
527370
716727
999220
459589
564475
855641
530454
611032
344114
263063
397934
320544
463314
504264
874244
227363
732171
344114
174522
196932
256405
486554
51554
114694
260807
409180
527370
549875
686758
722208
59069
485724
254260
134650
463100
541755
889230
657239
616078
166380
732171
665468
532185
737496
17419
611911
783205
254158
585805
966487
701261
433181
558832
134650
160415
448752
406364
701689
97381
691286
296037
361936
889230
757205
497144
663608
857147
463100
526459
238498
596040
288564
415492
757946
874983
412513
651292
623399
653930
433353
123613
109876
392493
783205
9715
653930
262192
190346
501007
564475
677635
783205
205732
206937
174522
532185
262192
704035
869693
463314
367650
463314
615385
530454
999915
701689
151073
248864
589680
412909
979805
506429
534479
855641
583605
516448
693339
457334
568929
174522
256405
704035
156721
611911
477276
762421
267273
657239
23369
109876
222117
762421
12115
211171
51796
541755
504264
349427
532185
881651
503132
248864
568929
4080
704035
688448
438445
186520
688448
196932
613472
257292
243333
818305
558832
485724
34325
688448
640376
373874
596040
180914
872906
971032
299094
486554
554904
704035
122120
991341
874983
593331
206937
376619
583605
933502
580522
877338
818305
569299
911783
665045
634644
312950
23369
526459
496092
702170
688448
109876
189504
312950
588718
663608
623399
78855
558301
440546
889529
627205
288564
207301
290066
536290
296037
613472
248864
89873
911783
543461
623399
933630
494654
532185
751996
457334
460271
847219
729176
585805
504264
775849
564475
146984
657239
855641
491105
388953
806939
412909
693339
486554
146984
198221
412909
979876
971032
553216
257292
596040
78855
597877
207301
874983
778185
485724
494654
406364
933630
536290
942997
227363
14266
603521
778185
553216
207301
503132
657239
857147
696998
513329
113408
460271
757946
651292
438445
142098
160013
227363
534479
783205
113408
263063
200446
1
663608
999220
93362
722208
526459
640376
101034
192972
218242
516448
496092
857147
625089
64259
848837
122097
496092
267823
608213
593331
34325
835793
696998
374102
686758
647646
166380
723048
516048
651292
622086
189504
534479
909580
232176
14200
737496
260807
745148
978326
908120
166129
374102
568929
175845
611032
109876
903052
722208
23369
736320
530957
132990
848837
367650
689465
611032
757946
450092
732171
729176
1
205732
183095
677370
401263
823529
789748
4719
491105
979876
267823
665045
254260
166380
613472
12115
154466
569299
701689
775849
220051
677635
354035
243333
156721
179718
122097
463100
188039
855459
290066
448752
415492
232176
86049
554904
611911
256405
553978
564475
23369
497144
96703
762421
543461
979876
999915
290066
444730
364487
115004
625786
911783
583605
855641
627480
677635
463314
783205
151014
94255
932583
572389
115004
168278
596040
360403
23369
97381
889827
310304
196932
227363
625089
885956
857147
580522
558832
442012
848837
206937
630188
862599
64259
156721
881651
190346
185268
238498
17984
971032
554904
855641
593331
290066
262192
670907
741643
867864
200446
513329
429893
732171
444730
17419
583605
517306
238498
869693
999915
244197
885956
254260
795903
935668
44489
935668
993477
460271
851047
716727
254158
25177
889230
554904
485724
729176
627480
12115
640376
54584
736320
154466
14200
497138
908120
625089
678224
402326
374102
911783
971032
855459
677370
785883
885956
612864
862599
885956
433353
651292
966487
388953
869693
558301
486554
696998
976684
993477
530454
701299
256405
470200
589680
526459
772358
889827
757205
244197
23369
254260
649019
932583
349427
460271
132990
433353
530957
294902
397934
118680
460271
232176
496092
293810
657239
440546
549875
232176
966487
857012
113408
911783
878743
196932
691286
966487
50859
569299
909580
878930
716727
835793
604466
646028
857147
188039
625786
877338
434296
778185
248864
885956
199915
325442
179718
597877
433353
823529
889827
354035
971032
665468
466680
611032
57681
199915
965655
691286
175845
97381
122264
444730
93362
455432
589680
202646
570916
62150
457334
445490
993477
701689
485724
848837
186520
312950
589680
126664
639907
86049
463100
282078
867864
582206
701299
541755
701689
455432
789748
463100
185268
1
51796
491105
113408
966311
500851
218242
993477
448752
582206
254158
392493
361936
79515
86575
256405
716727
722151
122264
557762
775849
335430
367650
200446
701299
486554
455432
466680
625089
254597
846413
17984
337303
617478
254260
677370
142098
647646
883288
497144
569299
188039
588718
14266
409180
847857
466680
949293
312950
860249
874983
582206
603521
757205
199915
50859
701299
175845
716727
881651
625786
113408
227363
878930
603521
114694
748787
885956
553216
391440
653930
583605
504264
494654
444730
485724
542400
734482
795903
220051
450092
588148
544921
62150
122097
757205
376619
634644
572384
972936
558301
757946
337303
243333
734482
580522
855641
156721
331293
543461
965655
976684
4080
317995
689465
151073
260807
604466
513329
611032
716727
496092
364487
799239
704035
194859
732171
549875
903052
558832
330471
526459
34325
160415
979876
388953
596040
615385
51796
460604
12115
583605
151014
657239
625786
783568
733994
118680
325442
706279
979876
855641
79515
466680
467676
501007
783205
64259
433181
670837
623399
78855
320544
238498
109876
175845
829779
603521
979876
14266
433181
874983
180152
775849
604466
412513
526459
639907
415492
754568
879931
504264
415492
248864
588718
612864
412513
657239
156721
453721
34325
218242
174522
962585
442012
115004
4080
186520
101034
688448
949293
202646
795903
749723
299094
527026
317995
736320
198221
330471
166129
460604
716469
778185
51796
799239
622086
553216
688448
625089
325442
942997
185268
354035
976387
467676
701299
787969
702287
388953
262192
496092
284631
113408
542400
702170
463100
478485
354035
869693
670837
979805
783205
211171
597877
745148
367650
64259
823529
206937
257292
588148
501007
434296
312950
772358
701299
580522
392493
843168
1
569299
288564
951430
704035
406364
86049
702287
146984
670837
496092
64259
110388
344114
293810
97381
588148
572389
232176
778185
440546
82094
497138
732037
702170
732171
991341
716727
205732
585805
122120
949293
879931
723115
615385
778185
194859
54785
192972
921861
977870
101034
603521
491105
467676
869693
86049
256405
732171
611032
622086
30456
516448
190346
62413
460271
457334
701299
325442
9715
742051
979805
312950
689465
367117
335402
497144
296037
527370
695920
588148
62413
478485
79515
838296
688448
426733
651292
115004
716727
696998
627480
166380
568929
792970
835793
625089
457334
554904
677370
869693
409180
965655
778185
617478
95876
354035
459589
191569
364487
401263
116522
200446
933630
823529
207301
588718
207301
570916
445490
497144
679914
450092
966311
95876
889827
736320
799239
646028
903052
976684
772952
702287
648372
238498
120861
429893
445490
596040
222117
124238
719511
376619
847857
267823
134650
406364
206937
649019
401263
460604
354035
5210
4080
471416
665468
14266
3446
388953
154466
702170
665045
751996
583605
433353
625089
695920
783568
558832
862599
467676
785883
232176
688448
647646
966311
96703
17984
349427
491105
97381
775849
736320
9715
485724
684589
696998
463892
634644
732037
627205
541755
232176
999220
680897
848837
818305
450092
962585
553978
783205
783205
541755
394122
310304
966311
813793
966311
613472
723048
388953
115004
86049
262192
9715
855641
541755
921861
704035
706279
261348
142098
554904
798206
817178
625089
59069
506793
639907
376619
183095
441695
818305
872906
218843
354035
745148
869693
869693
688448
412513
903052
160013
192972
516448
732171
310304
702170
701689
89873
591911
951430
4080
361936
702170
813793
680897
932583
878743
991341
622086
262192
830690
122097
702287
325442
415492
847219
569299
723115
719511
429893
486554
723115
205955
335402
976387
874983
4719
653930
812809
62413
783205
106430
79515
392493
260807
87167
516048
82094
972936
823529
115004
971032
25177
527370
639907
517306
830690
504420
30456
16246
320544
497144
263063
93362
232176
611911
733994
3446
604466
558301
186520
440546
183095
625786
466680
87167
541755
79515
878930
733994
192972
847219
288564
293810
670837
200446
542400
79515
293810
846413
14266
497138
942997
166380
921861
889529
625786
290066
314928
693339
496092
593331
192745
848837
50859
154466
553216
706279
483832
62150
541755
445490
812809
734482
7430
337303
191569
589680
263063
670907
54584
532185
180152
450092
1
679914
588718
288564
12115
470199
121432
124238
616078
198221
444730
142098
558301
544921