0
0
0
0
0
0
0
0
0
0
0
0
0
0
0
0
0
0
0
0
0
0
0
0
0
0
0
0
0
0
0
0
0
0
0
0
0
0
0
0
0
0
0
0
0
0
0
0
0
0
0
0
0
0
0
0
0
0
0
0
0
0
0
0
0
0
0
0
0
0
0
0
0
0
0
0
0
0
0
0
0
0
0
0
0
0
0
0
0
0
0
0
0
0
0
0
0
0
0
0
0
0
0
0
0
0
0
0
0
0
0
0
0
0
0
0
0
0
0
0
0
0
0
0
0
0
0
0
0
0
0
0
0
0
0
0
0
0
0
0
0
0
0
0
0
0
0
0
0
0
0
0
0
0
0
0
0
0
0
0
0
0
0
0
0
0
0
0
0
0
0
0
0
0
0
0
0
0
0
0
0
0
0
0
0
0
0
0
0
0
0
0
0
0
0
0
0
0
0
0
0
0
0
0
0
0
0
0
0
0
0
0
0
0
0
0
0
0
0
0
0
0
0
0
0
0
0
0
0
0
0
0
0
0
0
0
0
0
0
0
0
0
0
0
0
0
0
0
0
0
0
0
0
0
0
0
0
0
0
0
0
0
0
0
0
0
0
0
0
0
0
0
0
0
0
0
0
0
0
0
0
0
0
0
0
0
0
0
0
0
0
0
0
0
0
0
0
0
0
0
0
0
0
0
0
0
0
0
0
0
0
0
0
0
0
0
0
0
0
0
0
0
0
0
0
0
0
0
0
0
0
0
0
0
0
0
0
0
0
0
0
0
0
0
0
0
0
0
0
0
0
0
0
0
0
0
0
0
0
0
0
0
0
0
0
0
0
0
0
0
0
0
0
0
0
0
0
0
0
0
0
0
0
0
0
0
0
0
0
0
0
0
0
0
0
0
0
0
0
0
0
0
0
0
0
0
0
0
0
0
0
0
0
0
0
0
0
0
0
0
0
0
0
0
0
0
0
0
0
0
0
0
0
0
0
0
0
0
0
0
0
0
0
0
0
0
0
0
0
0
0
0
0
0
0
0
0
0
0
0
0
0
0
0
0
0
0
0
0
0
0
0
0
0
0
0
0
0
0
0
0
0
0
0
0
0
0
0
0
0
0
0
0
0
0
0
0
0
0
0
0
0
0
0
0
0
0
0
0
0
0
0
0
0
0
0
0
0
0
0
0
0
0
0
0
0
0
0
0
0
0
0
0
0
0
0
0
0
0
0
0
0
0
0
0
0
0
0
0
0
0
0
0
0
0
0
0
0
0
0
0
0
0
0
0
0
0
0
0
0
0
0
0
0
0
0
0
0
0
0
0
0
0
0
0
0
0
0
0
0
0
0
0
0
0
0
0
0
0
0
0
0
0
0
0
0
0
0
0
0
0
0
0
0
0
0
0
0
0
0
0
0
0
0
0
0
0
0
0
0
0
0
0
0
0
0
0
0
0
0
0
0
0
0
0
0
0
0
0
0
0
0
0
0
0
0
0
0
0
0
0
0
0
0
0
0
0
0
0
0
0
0
0
0
0
0
0
0
0
0
0
0
0
0
0
0
0
0
0
0
0
0
0
0
0
0
0
0
0
0
0
0
0
0
0
0
0
0
0
0
0
0
0
0
0
0
0
0
0
0
0
0
0
0
0
0
0
0
0
0
0
0
0
0
0
0
0
0
0
0
0
0
0
0
0
0
0
0
0
0
0
0
0
0
0
0
0
0
0
0
0
0
0
0
0
0
0
0
0
0
0
0
0
0
0
0
0
0
0
0
0
0
0
0
0
0
0
0
0
0
0
0
0
0
0
0
0
0
0
0
0
0
0
0
0
0
0
0
0
0
0
0
0
0
0
0
0
0
0
0
0
0
0
0
0
0
0
0
0
0
0
0
0
0
0
0
0
0
0
0
0
0
0
0
0
0
0
0
0
0
0
0
0
0
0
0
0
0
0
0
0
0
0
0
0
0
0
0
0
0
0
0
0
0
0
0
0
0
0
0
0
0
0
0
0
0
0
0
0
0
0
0
0
0
0
0
0
0
0
0
0
0
0
0
0
0
0
0
0
0
0
0
0
0
0
0
0
0
0
0
0
0
0
0
0
0
0
0
0
0
0
0
0
0
0
0
0
0
0
0
0
0
0
0
0
0
0
0
0
0
0
0
0
0
0
0
0
0
0
0
0
0
0
0
0
0
0
0
0
0
0
0
0
0
0
0
0
0
0
0
0
0
0
0
0
0
0
0
0
0
0
0
0
0
0
0
0
0
0
0
17407
24786
67216
87936
76908
96678
8492
31377
61666
77234
21762
14843
36846
30984
98133
83040
54065
34322
6410
19314
52248
72125
16479
33110
19358
88231
70334
60793
38124
36176
98982
60934
5427
86966
20552
59228
41259
68666
21241
38784
38251
15520
26586
53972
3677
24468
12500
12758
46860
8619
62602
10225
67264
37551
46186
84021
74351
90644
54146
72829
94577
33859
76578
51960
76221
54831
65082
91005
40985
94128
66477
20028
90009
37206
10952
23268
15572
80679
37780
11332
40351
73344
86648
55525
17202
89199
17777
7890
21075
20811
70694
12961
51678
49852
23020
81586
93782
7646
60962
38110
5742
68274
78232
29592
36835
42995
96070
7040
38761
60227
74388
66325
35328
89128
24228
69760
18256
8381
85851
59692
37754
63982
71018
49879
58146
6961
93706
25135
84993
78200
34452
67760
24388
13566
63058
50880
59605
46984
23946
34750
6519
731
86891
99162
94690
53394
64764
13607
38542
85153
3613
3966
35932
70396
55291
64287
25882
94525
32239
43947
32209
40473
29848
78347
52400
93828
19226
61840
83353
14660
78978
32936
36262
61949
46690
77571
77838
30347
6711
85988
37711
67724
80703
59688
46645
98611
2072
76357
11661
48819
99790
91679
44082
55712
6413
53706
50096
26156
89557
11135
884
4554
66648
67812
16185
18361
81951
92981
97674
80897
48070
79136
22882
70653
31308
75581
18742
52960
62400
70284
75606
34462
2169
92842
9649
62852
39410
23315
97849
24822
88468
78473
20591
87307
44524
34254
72873
13123
75771
57809
7352
27395
19085
47262
38429
63920
87775
86046
65339
19874
9892
89324
46354
62216
59693
83761
33151
5261
51290
20848
31053
66930
68661
85659
44181
98974
68986
73125
70134
538
73913
4042
22167
27122
71960
73080
44617
54259
10106
83791
98755
68822
58342
88741
97111
91591
74382
30953
32589
37284
7543
74720
92140
65267
11527
77576
74317
86538
11968
45933
51498
64450
402
16434
69191
41485
51565
64299
52639
13190
54734
1863
50991
41056
42861
28459
9188
20069
18831
3485
10160
37794
78684
7359
86698
21054
15071
86753
5929
53233
221
49928
77572
34566
95377
52258
46586
92268
96642
46859
7923
7408
87281
16164
7051
73143
11072
78721
67697
91738
73693
80915
6566
42337
16325
40718
1216
8891
59666
30441
39703
96410
62183
16484
27040
88246
79250
36004
83848
6849
86197
32487
91012
99866
27399
81392
57769
1812
55911
89063
94300
29780
52704
32739
46843
57233
90941
42391
38478
50403
25715
24887
26268
18867
31032
91043
68189
45849
35023
50442
12728
48466
86327
59162
58574
46266
78284
42068
41816
30297
26351
3977
64551
6135
90500
50829
90095
32426
58801
42739
77358
67937
2810
33984
76117
81435
63418
71204
65797
11947
96044
67208
15579
35938
33087
49512
32769
12745
60307
73654
26829
43173
16562
12382
70531
34929
19329
3826
90386
2414
88119
53662
12086
74472
11518
37336
33042
84075
81763
16771
62752
91697
10874
99218
59824
41578
12068
79568
18623
94212
33108
73596
58948
46658
95851
98649
21585
57094
25992
40730
24759
99950
33462
29116
92241
99843
79001
85429
45489
5091
57328
78736
71848
80380
79664
94998
43784
43023
23150
79825
91058
48663
50565
66003
50705
98569
99141
18911
37870
10709
80439
96538
72352
52370
14102
72386
2462
91406
6551
8210
19022
94873
2959
74642
15858
60750
4356
75345
52157
23837
98425
93097
43071
21314
53725
45810
87880
41780
43580
89706
16088
83722
25487
83788
16435
40513
30047
65390
41931
88450
39110
65307
66146
46313
88280
73735
92894
38520
38451
89391
75998
46092
79950
67951
39840
83772
93070
12889
285
94593
93003
35566
64736
15011
29901
78738
93443
54486
82943
44405
57808
93522
84797
71125
45851
18239
99735
69789
54245
63018
80494
6847
73869
57693
98362
46742
87056
32442
95823
26787
73826
84451
4625
59411
2225
72518
93904
43922
6702
37937
24910
41613
41786
75792
96659
5109
53498
36865
66243
17989
65776
16908
14561
58611
38206
5764
41218
24653
92416
56763
801
95378
5144
20736
82261
83217
17040
43569
61490
71981
75088
4899
62150
52685
31144
70223
73139
93047
40824
30727
86717
8414
17066
57922
95354
2514
49051
85589
58024
3967
82209
66506
37666
15094
54761
16245
82893
84180
43014
14135
11238
8867
15727
48538
66355
44398
70112
86461
32461
90255
29064
39535
89660
88267
86342
50698
13950
79759
90299
56429
29845
64027
12162
64151
25934
31888
33211
37657
54982
49244
13539
74158
58704
27439
90900
85454
81171
39330
84723
6493
20371
22352
60985
59257
21078
66847
12244
47616
99371
21783
30655
41237
37244
48638
7689
43139
65677
60645
89737
27708
77862
25114
91746
9701
45423
45416
28728
198
83198
41328
40633
13510
7712
18639
42243
5805
25178
7406
86241
2874
10070
27862
76482
46443
52543
62698
25950
43343
18231
1642
847
16218
68036
75280
42530
44510
56985
38780
59851
38306
36690
51200
19879
75274
64198
25231
32415
32954
44467
65277
39124
15937
43224
80843
95287
48973
62
78495
1397
51978
7132
23427
2846
9960
81076
28335
84929
87649
1974
94232
78567
72312
81962
32763
37267
508
97209
8309
25407
84621
84740
91109
17995
72159
10853
53699
75349
23407
81129
93397
1622
73635
16886
60196
5013
39651
46851
48374
99248
85251
11599
3244
66359
98600
24133
2105
28481
63473
8964
30962
5194
47659
71273
48746
20677
97565
3805
93
43155
91240
93046
47943
29078
74890
64773
5561
20383
62787
55418
18220
88426
58885
96727
12270
4442
87756
62901
43203
90745
79553
25530
32501
49021
85843
35475
41941
13873
39162
90228
18638
58680
76635
71156
8175
65448
13132
96424
45690
11132
78645
2934
47548
19501
33068
87108
14787
55649
2704
31295
16865
83364
66376
33579
63985
561
41335
13272
27580
44759
48336
77959
79959
46563
89920
82289
45103
33675
23036
9376
19804
6713
22003
79314
79049
23426
37936
64176
42556
93667
1803
32766
67619
70655
6162
29990
75873
69556
37212
79331
43961
16123
93424
58600
71775
99468
99196
5385
43008
28019
47336
69010
69363
93318
22318
91870
4340
76694
37829
94991
23394
75516
78762
45931
14220
2103
85783
91871
17758
46319
84793
7036
86506
60282
35269
82391
14321
82186
56172
89121
95609
12971
8252
48418
50812
67156
93286
96907
70912
2273
30370
46606
52615
86149
9211
1054
11273
64862
53472
78751
21913
0
0
0
0
0
0
0
0
0
0
0
0
0
0
0
0
0
0
0
0
0
0
0
0
0
0
0
0
0
0
0
0
0
0
0
0
0
0
0
0
0
0
0
0
0
0
0
0
0
0
0
0
0
0
0
0
0
0
0
0
0
0
0
0
0
0
0
0
0
0
0
0
0
0
0
0
0
0
0
0
0
0
0
0
0
0
0
0
0
0
0
0
0
0
0
0
0
0
0
0
0
0
0
0
0
0
0
0
0
0
0
0
0
0
0
0
0
0
0
0
0
0
0
0
0
0
0
0
0
0
0
0
0
0
0
0
0
0
0
0
0
0
0
0
0
0
0
0
0
0
0
0
0
0
0
0
0
0
0
0
0
0
0
0
0
0
0
0
0
0
0
0
0
0
0
0
0
0
0
0
0
0
0
0
0
0
0
0
0
0
0
0
0
0
0
0
0
0
0
0
0
0
0
0
0
0
0
0
0
0
0
0
0
0
0
0
0
0
0
0
0
0
0
0
0
0
0
0
0
0
0
0
0
0
0
0
0
0
0
0
0
0
0
0
0
0
0
0
0
0
0
0
0
0
0
0
0
0
0
0
0
0
0
0
0
0
0
0
0
0
0
0
0
0
0
0
0
0
0
0
0
0
0
0
0
0
0
0
0
0
0
0
0
0
0
0
0
0
0
0
0
0
0
0
0
0
0
0
0
0
0
0
0
0
0
0
0
0
0
0
0
0
0
0
0
0
0
0
0
0
0
0
0
0
0
0
0
0
0
0
0
0
0
0
0
0
0
0
0
0
0
0
0
0
0
0
0
0
0
0
0
0
0
0
0
0
0
0
0
0
0
0
0
0
0
0
0
0
0
0
0
0
0
0
0
0
0
0
0
0
0
0
0
0
0
0
0
0
0
0
0
0
0
0
0
0
0
0
0
0
0
0
0
0
0
0
0
0
0
0
0
0
0
0
0
0
0
0
0
0
0
0
0
0
0
0
0
0
0
0
0
0
0
0
0
0
0
0
0
0
0
0
0
0
0
0
0
0
0
0
0
0
0
0
0
0
0
0
0
0
0
0
0
0
0
0
0
0
0
0
0
0
0
0
0
0
0
0
0
0
0
0
0
0
0
0
0
0
0
0
0
0
0
0
0
0
0
0
0
0
0
0
0
0
0
0
0
0
0
0
0
0
0
0
0
0
0
0
0
0
0
0
0
0
0
0
0
0
0
0
0
0
0
0
0
0
0
0
0
0
0
0
0
0
0
0
0
0
0
0
0
0
0
0
0
0
0
0
0
0
0
0
0
0
0
0
0
0
0
0
0
0
0
0
0
0
0
0
0
0
0
0
0
0
0
0
0
0
0
0
0
0
0
0
0
0
0
0
0
0
0
0
0
0
0
0
0
0
0
0
0
0
0
0
0
0
0
0
0
0
0
0
0
0
0
0
0
0
0
0
0
0
0
0
0
0
0
0
0
0
0
0
0
0
0
0
0
0
0
0
0
0
0
0
0
0
0
0
0
0
0
0
0
0
0
0
0
0
0
0
0
0
0
0
0
0
0
0
0
0
0
0
0
0
0
0
0
0
0
0
0
0
0
0
0
0
0
0
0
0
0
0
0
0
0
0
0
0
0
0
0
0
0
0
0
0
0
0
0
0
0
0
0
0
0
0
0
0
0
0
0
0
0
0
0
0
0
0
0
0
0
0
0
0
0
0
0
0
0
0
0
0
0
0
0
0
0
0
0
0
0
0
0
0
0
0
0
0
0
0
0
0
0
0
0
0
0
0
0
0
0
0
0
0
0
0
0
0
0
0
0
0
0
0
0
0
0
0
0
0
0
0
0
0
0
0
0
0
0
0
0
0
0
0
0
0
0
0
0
0
0
0
0
0
0
0
0
0
0
0
0
0
0
0
0
0
0
0
0
0
0
0
0
0
0
0
0
0
0
0
0
0
0
0
0
0
0
0
0
0
0
0
0
0
0
0
0
0
0
0
0
0
0
0
0
0
0
0
0
0
0
0
0
0
0
0
0
0
0
0
0
0
0
0
0
0
0
0
0
0
0
0
0
0
0
0
0
0
0
0
0
0
0
0
0
0
0
0
0
0
0
0
0
0
0
0
0
0
0
0
0
0
0
0
0
0
0
0
0
0
0
0
0
0
0
0
0
0
0
0
0
0
0
0
0
0
0
0
0
0
0
0
0
0
0
0
0
0
0
0
0
0
0
0
0
0
0
0
0
0
0
0
0
0
0
0
0
0
0
0
45712
95272
80514
43917
82241
48582
25159
54204
69659
49542
53836
83463
33513
83107
19406
66153
11766
5815
37539
12517
65812
55869
74316
79035
56036
91283
69587
88050
80106
68807
57126
27324
92612
53956
80544
17025
32137
66588
64900
22931
74156
11841
33440
13945
77154
865
6925
27641
38860
55593
32144
16147
88026
3257
47587
72847
38492
1746
27284
65315
79336
95166
70275
61239
65398
59857
86270
65635
82458
5048
59795
38258
59050
91549
95580
21615
82572
54789
70304
73337
37025
60371
12443
93244
76958
92763
53110
28511
84777
22897
3936
57055
88971
27967
38143
41158
55643
62109
64126
47218
56330
27374
72574
25264
11679
72221
67014
87952
35837
6991
43428
79381
64756
93000
74591
24683
51758
71935
97642
8731
74069
1450
37708
64500
33617
45580
54538
82817
69713
28699
33451
8732
9419
69161
4477
12697
17276
23286
45781
1523
84105
65346
46896
78860
8183
41389
9506
2830
8216
94826
80418
33638
67851
26738
17313
96600
53497
62378
56870
43897
25057
57496
49435
9274
91039
12665
28879
49906
59873
92944
14816
36969
22641
35512
55180
84381
33664
99185
11312
53355
13011
26518
80411
4842
2599
523
57535
73828
29512
82222
33496
17509
94146
22067
74337
69572
25188
53690
25123
3417
28098
97302
2392
63287
70447
68821
15014
46039
17819
99830
79234
68910
44773
58425
16510
28838
41842
84295
74732
79623
73846
58413
4602
75997
42023
31488
17216
53665
95207
44282
80541
80704
82528
28469
15027
99286
10831
12879
77963
67739
21301
48123
43090
38397
50657
9087
48054
9990
72725
38288
22724
58957
99284
47338
68012
67148
53443
25133
98286
68286
37862
76996
55637
15560
83184
12875
9612
13364
87499
27714
63725
50590
76310
46166
30359
73623
51702
89352
29447
92721
36447
51410
61596
90393
65810
22674
53431
91345
99546
40142
8766
49549
54441
66394
91730
63482
30895
47901
89605
24172
3068
46431
77034
90584
48130
60997
47993
49300
58888
251
92790
64505
24486
24498
57900
64710
28526
84174
69888
3898
52702
95803
59986
18875
50022
41706
46925
32952
42545
29929
82698
26184
62365
34892
33630
19494
52566
29568
85303
98538
55844
93513
66168
57450
29909
8826
85463
22861
99435
55879
38442
33356
43960
94866
80644
37507
82741
4725
68956
32439
70822
10702
41046
57660
75578
24878
14175
93038
37745
40841
2661
21802
18726
90654
83194
33813
88609
85480
79384
10369
18828
78795
91712
45722
66234
33327
25482
85404
85856
18237
76856
11056
7988
4740
49821
7269
99055
93436
14759
9176
40534
62489
3117
65571
64016
82739
6358
16094
51156
81568
61254
1117
21411
83288
76786
49810
15313
82730
61525
30593
65766
61845
90052
64365
64502
3051
52168
8936
22436
84800
51697
39449
91420
34446
16190
36683
29299
54635
53315
14393
60893
375
58180
42295
31118
603
25762
24086
58191
15142
90875
48396
99535
55501
83429
16470
49464
90969
45873
52774
14273
16307
7263
51753
9169
67578
17014
46314
21614
17595
63469
32400
22710
14683
96753
66209
5450
85577
55899
76580
25759
9031
57048
93106
47958
6434
90968
3445
66814
8495
7869
70997
94002
79370
23660
82963
63479
92975
90680
38459
63648
56798
57546
24914
22148
8750
64476
44478
65622
11143
92405
56010
70015
59193
2154
51649
95766
7742
78432
60753
1662
7854
22232
34392
69845
63606
64177
15037
63533
42531
86537
69361
37983
11585
36366
50822
93255
11480
15948
52197
97769
29975
38212
27830
39361
28905
2992
25598
41149
12803
56747
52763
34655
14282
97245
35658
4270
96224
65699
21723
99927
46002
9630
27886
21572
97602
72422
4055
71321
22484
60065
72975
5066
74195
65239
29955
5352
58129
30302
97841
30937
87655
69877
96601
96761
88047
2649
98045
95416
59602
19855
79450
12216
82393
85338
82806
77132
65864
37939
97581
52709
53025
20183
67542
51815
98206
43423
89595
74909
50436
48856
30171
44558
49912
27949
60516
52701
22616
96190
21298
42614
56992
19848
89468
75466
81039
79515
61810
322
17284
84829
32507
20951
36097
96917
74048
71938
19144
31594
29003
69722
96365
93789
92274
31931
37018
35704
99253
3931
18026
43171
90608
44985
74312
66625
76515
97048
20527
40049
53853
85906
65965
43494
17968
98028
91919
75019
71371
72022
83100
49381
58226
93429
689
14027
1825
19189
49813
81748
67682
67466
74181
33238
72524
259
33603
48531
27563
82866
30402
54304
88205
83012
21238
55578
54893
42618
72556
2040
13260
33593
49636
36427
51317
43385
46282
52389
75871
49727
6347
60394
3299
20101
57910
53198
53817
41920
79694
20455
9157
84755
40937
85504
214
88062
25491
2859
57562
94977
82103
79851
53102
51170
19012
21605
97430
53862
64943
29338
87089
69785
82521
7741
77320
84351
17564
33279
47893
85167
44379
13382
76760
53664
45358
85202
53191
28896
43394
25478
74381
63539
99574
31357
44463
74063
82155
12722
77917
96175
21394
8031
73980
5718
68670
32236
86991
67017
6142
80669
21796
82607
77920
14413
65029
61636
90361
40612
10219
27600
71493
67345
72625
47749
14414
825
61049
46496
82243
81196
89424
70367
37914
63280
10847
7148
47792
7665
93988
51366
8624
63891
13719
78401
92402
77964
14527
38383
62380
13664
96446
74503
70430
1153
45155
17460
25798
31532
16831
9307
1846
5573
44445
32714
61518
91578
69560
52261
78164
15025
17946
19372
61764
38629
45787
66587
93274
92732
99351
91000
27673
37696
83870
21616
62269
96951
68348
69346
15316
8529
81210
16227
7083
58481
96946
30119
48824
49605
84352
13262
11418
75074
15786
17725
14332
5236
23855
94021
50570
60752
6449
12013
70562
3731
60253
6124
47012
56204
23725
85000
74889
49608
66454
54258
23406
82660
63141
23591
88635
43841
11223
84269
72130
11779
76236
28501
71556
70560
14831
27769
34299
56699
18825
21593
40664
370
20559
41433
69990
24656
23937
5167
76968
28980
46250
97727
85923
36562
92847
1604
78690
48801
4478
77357
71680
75494
34323
53341
86497
90352
37644
5168
37489
87329
99798
50571
76383
66883
90574
11667
50032
34944
90076
834
30505
27444
10019
70890
19695
44328
10325
32646
90423
73788
87826
23906
50435
30038
3427
21287
60329
25093
89963
36938
33154
34974
6393
25819
88984
78576
77529
39147
21001
7846
55465
81380
86785
21367
72120
80285
14498
24601
73696
52653
30555
89855
32111
27527
96356
68298
75035