0
0
0
0
0
0
0
0
0
0
0
0
0
0
0
0
0
0
0
0
0
0
0
0
0
0
0
0
0
0
0
0
0
0
0
0
0
0
0
0
0
0
0
0
0
0
0
0
0
0
0
0
0
0
0
0
0
0
0
0
0
0
0
0
0
0
0
0
0
0
0
0
0
0
0
0
0
0
0
0
0
0
0
0
0
0
0
0
0
0
0
0
0
0
0
0
0
0
0
0
0
0
0
0
0
0
0
0
0
0
0
0
0
0
0
0
0
0
0
0
0
0
0
0
0
0
0
0
0
0
0
0
0
0
0
0
0
0
0
0
0
0
0
0
0
0
0
0
0
0
0
0
0
0
0
0
0
0
0
0
0
0
0
0
0
0
0
0
0
0
0
0
0
0
0
0
0
0
0
0
0
0
0
0
0
0
0
0
0
0
0
0
0
0
0
0
0
0
0
0
0
0
0
0
0
0
0
0
0
0
0
0
0
0
0
0
0
0
0
0
0
0
0
0
0
0
0
0
0
0
0
0
0
0
0
0
0
0
0
0
0
0
0
0
0
0
0
0
0
0
0
0
0
0
0
0
0
0
0
0
0
0
0
0
0
0
0
0
0
0
0
0
0
0
0
0
0
0
0
0
0
0
0
0
0
0
0
0
0
0
0
0
0
0
0
0
0
0
0
0
0
0
0
0
0
0
0
0
0
0
0
0
0
0
0
0
0
0
0
0
0
0
0
0
0
0
0
0
0
0
0
0
0
0
0
0
0
0
0
0
0
0
0
0
0
0
0
0
0
0
0
0
0
0
0
0
0
0
0
0
0
0
0
0
0
0
0
0
0
0
0
0
0
0
0
0
0
0
0
0
0
0
0
0
0
0
0
0
0
0
0
0
0
0
0
0
0
0
0
0
0
0
0
0
0
0
0
0
0
0
0
0
0
0
0
0
0
0
0
0
0
0
0
0
0
0
0
0
0
0
0
0
0
0
0
0
0
0
0
0
0
0
0
0
0
0
0
0
0
0
0
0
0
0
0
0
0
0
0
0
0
0
0
0
0
0
0
0
0
0
0
0
0
0
0
0
0
0
0
0
0
0
0
0
0
0
0
0
0
0
0
0
0
0
0
0
0
0
0
0
0
0
0
0
0
0
0
0
0
0
0
0
0
0
0
0
0
0
0
0
0
0
0
0
0
0
0
0
0
0
0
0
0
0
0
0
0
0
0
0
0
0
0
0
0
0
0
0
0
0
0
0
0
0
0
0
0
0
0
0
0
0
0
0
0
0
0
0
0
0
0
0
0
0
0
0
0
0
0
0
0
0
0
0
0
0
0
0
0
0
0
0
0
0
0
0
0
0
0
0
0
0
0
0
0
0
0
0
0
0
0
0
0
0
0
0
0
0
0
0
0
0
0
0
0
0
0
0
0
0
0
0
0
0
0
0
0
0
0
0
0
0
0
0
0
0
0
0
0
0
0
0
0
0
0
0
0
0
0
0
0
0
0
0
0
0
0
0
0
0
0
0
0
0
0
0
0
0
0
0
0
0
0
0
0
0
0
0
0
0
0
0
0
0
0
0
0
0
0
0
0
0
0
0
0
0
0
0
0
0
0
0
0
0
0
0
0
0
0
0
0
0
0
0
0
0
0
0
0
0
0
0
0
0
0
0
0
0
0
0
0
0
0
0
0
0
0
0
0
0
0
0
0
0
0
0
0
0
0
0
0
0
0
0
0
0
0
0
0
0
0
0
0
0
0
0
0
0
0
0
0
0
0
0
0
0
0
0
0
0
0
0
0
0
0
0
0
0
0
0
0
0
0
0
0
0
0
0
0
0
0
0
0
0
0
0
0
0
0
0
0
0
0
0
0
0
0
0
0
0
0
0
0
0
0
0
0
0
0
0
0
0
0
0
0
0
0
0
0
0
0
0
0
0
0
0
0
0
0
0
0
0
0
0
0
0
0
0
0
0
0
0
0
0
0
0
0
0
0
0
0
0
0
0
0
0
0
0
0
0
0
0
0
0
0
0
0
0
0
0
0
0
0
0
0
0
0
0
0
0
0
0
0
0
0
0
0
0
0
0
0
0
0
0
0
0
0
0
0
0
0
0
0
0
0
0
0
0
0
0
0
0
0
0
0
0
0
0
0
0
0
0
0
0
0
0
0
0
0
0
0
0
0
0
0
0
0
0
0
0
0
0
0
0
0
0
0
0
0
0
0
0
0
0
0
0
0
0
0
0
0
0
0
0
0
0
0
0
0
0
17407
24786
67216
87936
76908
96678
8492
31377
61666
77234
21762
14843
36846
30984
98133
83040
54065
34322
6410
19314
52248
72125
16479
33110
19358
88231
70334
60793
38124
36176
98982
60934
5427
86966
20552
59228
41259
68666
21241
38784
38251
15520
26586
53972
3677
24468
12500
12758
46860
8619
62602
10225
67264
37551
46186
84021
74351
90644
54146
72829
94577
33859
76578
51960
76221
54831
65082
91005
40985
94128
66477
20028
90009
37206
10952
23268
15572
80679
37780
11332
40351
73344
86648
55525
17202
89199
17777
7890
21075
20811
70694
12961
51678
49852
23020
81586
93782
7646
60962
38110
5742
68274
78232
29592
36835
42995
96070
7040
38761
60227
74388
66325
35328
89128
24228
69760
18256
8381
85851
59692
37754
63982
71018
49879
58146
6961
93706
25135
84993
78200
34452
67760
24388
13566
63058
50880
59605
46984
23946
34750
6519
731
86891
99162
94690
53394
64764
13607
38542
85153
3613
3966
35932
70396
55291
64287
25882
94525
32239
43947
32209
40473
29848
78347
52400
93828
19226
61840
83353
14660
78978
32936
36262
61949
46690
77571
77838
30347
6711
85988
37711
67724
80703
59688
46645
98611
2072
76357
11661
48819
99790
91679
44082
55712
6413
53706
50096
26156
89557
11135
884
4554
66648
67812
16185
18361
81951
92981
97674
80897
48070
79136
22882
70653
31308
75581
18742
52960
62400
70284
75606
34462
2169
92842
9649
62852
39410
23315
97849
24822
88468
78473
20591
87307
44524
34254
72873
13123
75771
57809
7352
27395
19085
47262
38429
63920
87775
86046
65339
19874
9892
89324
46354
62216
59693
83761
33151
5261
51290
20848
31053
66930
68661
85659
44181
98974
68986
73125
70134
538
73913
4042
22167
27122
71960
73080
44617
54259
10106
83791
98755
68822
58342
88741
97111
91591
74382
30953
32589
37284
7543
74720
92140
65267
11527
77576
74317
86538
11968
45933
51498
64450
402
16434
69191
41485
51565
64299
52639
13190
54734
1863
50991
41056
42861
28459
9188
20069
18831
3485
10160
37794
78684
7359
86698
21054
15071
86753
5929
53233
221
49928
77572
34566
95377
52258
46586
92268
96642
46859
7923
7408
87281
16164
7051
73143
11072
78721
67697
91738
73693
80915
6566
42337
16325
40718
1216
8891
59666
30441
39703
96410
62183
16484
27040
88246
79250
36004
83848
6849
86197
32487
91012
99866
27399
81392
57769
1812
55911
89063
94300
29780
52704
32739
46843
57233
90941
42391
38478
50403
25715
24887
26268
18867
31032
91043
68189
45849
35023
50442
12728
48466
86327
59162
58574
46266
78284
42068
41816
30297
26351
3977
64551
6135
90500
50829
90095
32426
58801
42739
77358
67937
2810
33984
76117
81435
63418
71204
65797
11947
96044
67208
15579
35938
33087
49512
32769
12745
60307
73654
26829
43173
16562
12382
70531
34929
19329
3826
90386
2414
88119
53662
12086
74472
11518
37336
33042
84075
81763
16771
62752
91697
10874
99218
59824
41578
12068
79568
18623
94212
33108
73596
58948
46658
95851
98649
21585
57094
25992
40730
24759
99950
33462
29116
92241
99843
79001
85429
45489
5091
57328
78736
71848
80380
79664
94998
43784
43023
23150
79825
91058
48663
50565
66003
50705
98569
99141
18911
37870
10709
80439
96538
72352
52370
14102
72386
2462
91406
6551
8210
19022
94873
2959
74642
15858
60750
4356
75345
52157
23837
98425
93097
43071
21314
53725
45810
87880
41780
43580
89706
16088
83722
25487
83788
16435
40513
30047
65390
41931
88450
39110
65307
66146
46313
88280
73735
92894
38520
38451
89391
75998
46092
79950
67951
39840
83772
93070
12889
285
94593
93003
35566
64736
15011
29901
78738
93443
54486
82943
44405
57808
93522
84797
71125
45851
18239
99735
69789
54245
63018
80494
6847
73869
57693
98362
46742
87056
32442
95823
26787
73826
84451
4625
59411
2225
72518
93904
43922
6702
37937
24910
41613
41786
75792
96659
5109
53498
36865
66243
17989
65776
16908
14561
58611
38206
5764
41218
24653
92416
56763
801
95378
5144
20736
82261
83217
17040
43569
61490
71981
75088
4899
62150
52685
31144
70223
73139
93047
40824
30727
86717
8414
17066
57922
95354
2514
49051
85589
58024
3967
82209
66506
37666
15094
54761
16245
82893
84180
43014
14135
11238
8867
15727
48538
66355
44398
70112
86461
32461
90255
29064
39535
89660
88267
86342
50698
13950
79759
90299
56429
29845
64027
12162
64151
25934
31888
33211
37657
54982
49244
13539
74158
58704
27439
90900
85454
81171
39330
84723
6493
20371
22352
60985
59257
21078
66847
12244
47616
99371
21783
30655
41237
37244
48638
7689
43139
65677
60645
89737
27708
77862
25114
91746
9701
45423
45416
28728
198
83198
41328
40633
13510
7712
18639
42243
5805
25178
7406
86241
2874
10070
27862
76482
46443
52543
62698
25950
43343
18231
1642
847
16218
68036
75280
42530
44510
56985
38780
59851
38306
36690
51200
19879
75274
64198
25231
32415
32954
44467
65277
39124
15937
43224
80843
95287
48973
62
78495
1397
51978
7132
23427
2846
9960
81076
28335
84929
87649
1974
94232
78567
72312
81962
32763
37267
508
97209
8309
25407
84621
84740
91109
17995
72159
10853
53699
75349
23407
81129
93397
1622
73635
16886
60196
5013
39651
46851
48374
99248
85251
11599
3244
66359
98600
24133
2105
28481
63473
8964
30962
5194
47659
71273
48746
20677
97565
3805
93
43155
91240
93046
47943
29078
74890
64773
5561
20383
62787
55418
18220
88426
58885
96727
12270
4442
87756
62901
43203
90745
79553
25530
32501
49021
85843
35475
41941
13873
39162
90228
18638
58680
76635
71156
8175
65448
13132
96424
45690
11132
78645
2934
47548
19501
33068
87108
14787
55649
2704
31295
16865
83364
66376
33579
63985
561
41335
13272
27580
44759
48336
77959
79959
46563
89920
82289
45103
33675
23036
9376
19804
6713
22003
79314
79049
23426
37936
64176
42556
93667
1803
32766
67619
70655
6162
29990
75873
69556
37212
79331
43961
16123
93424
58600
71775
99468
99196
5385
43008
28019
47336
69010
69363
93318
22318
91870
4340
76694
37829
94991
23394
75516
78762
45931
14220
2103
85783
91871
17758
46319
84793
7036
86506
60282
35269
82391
14321
82186
56172
89121
95609
12971
8252
48418
50812
67156
93286
96907
70912
2273
30370
46606
52615
86149
9211
1054
11273
64862
53472
78751
21913
0
0
0
0
0
0
0
0
0
0
0
0
0
0
0
0
0
0
0
0
0
0
0
0
0
0
0
0
0
0
0
0
0
0
0
0
0
0
0
0
0
0
0
0
0
0
0
0
0
0
0
0
0
0
0
0
0
0
0
0
0
0
0
0
0
0
0
0
0
0
0
0
0
0
0
0
0
0
0
0
0
0
0
0
0
0
0
0
0
0
0
0
0
0
0
0
0
0
0
0
0
0
0
0
0
0
0
0
0
0
0
0
0
0
0
0
0
0
0
0
0
0
0
0
0
0
0
0
0
0
0
0
0
0
0
0
0
0
0
0
0
0
0
0
0
0
0
0
0
0
0
0
0
0
0
0
0
0
0
0
0
0
0
0
0
0
0
0
0
0
0
0
0
0
0
0
0
0
0
0
0
0
0
0
0
0
0
0
0
0
0
0
0
0
0
0
0
0
0
0
0
0
0
0
0
0
0
0
0
0
0
0
0
0
0
0
0
0
0
0
0
0
0
0
0
0
0
0
0
0
0
0
0
0
0
0
0
0
0
0
0
0
0
0
0
0
0
0
0
0
0
0
0
0
0
0
0
0
0
0
0
0
0
0
0
0
0
0
0
0
0
0
0
0
0
0
0
0
0
0
0
0
0
0
0
0
0
0
0
0
0
0
0
0
0
0
0
0
0
0
0
0
0
0
0
0
0
0
0
0
0
0
0
0
0
0
0
0
0
0
0
0
0
0
0
0
0
0
0
0
0
0
0
0
0
0
0
0
0
0
0
0
0
0
0
0
0
0
0
0
0
0
0
0
0
0
0
0
0
0
0
0
0
0
0
0
0
0
0
0
0
0
0
0
0
0
0
0
0
0
0
0
0
0
0
0
0
0
0
0
0
0
0
0
0
0
0
0
0
0
0
0
0
0
0
0
0
0
0
0
0
0
0
0
0
0
0
0
0
0
0
0
0
0
0
0
0
0
0
0
0
0
0
0
0
0
0
0
0
0
0
0
0
0
0
0
0
0
0
0
0
0
0
0
0
0
0
0
0
0
0
0
0
0
0
0
0
0
0
0
0
0
0
0
0
0
0
0
0
0
0
0
0
0
0
0
0
0
0
0
0
0
0
0
0
0
0
0
0
0
0
0
0
0
0
0
0
0
0
0
0
0
0
0
0
0
0
0
0
0
0
0
0
0
0
0
0
0
0
0
0
0
0
0
0
0
0
0
0
0
0
0
0
0
0
0
0
0
0
0
0
0
0
0
0
0
0
0
0
0
0
0
0
0
0
0
0
0
0
0
0
0
0
0
0
0
0
0
0
0
0
0
0
0
0
0
0
0
0
0
0
0
0
0
0
0
0
0
0
0
0
0
0
0
0
0
0
0
0
0
0
0
0
0
0
0
0
0
0
0
0
0
0
0
0
0
0
0
0
0
0
0
0
0
0
0
0
0
0
0
0
0
0
0
0
0
0
0
0
0
0
0
0
0
0
0
0
0
0
0
0
0
0
0
0
0
0
0
0
0
0
0
0
0
0
0
0
0
0
0
0
0
0
0
0
0
0
0
0
0
0
0
0
0
0
0
0
0
0
0
0
0
0
0
0
0
0
0
0
0
0
0
0
0
0
0
0
0
0
0
0
0
0
0
0
0
0
0
0
0
0
0
0
0
0
0
0
0
0
0
0
0
0
0
0
0
0
0
0
0
0
0
0
0
0
0
0
0
0
0
0
0
0
0
0
0
0
0
0
0
0
0
0
0
0
0
0
0
0
0
0
0
0
0
0
0
0
0
0
0
0
0
0
0
0
0
0
0
0
0
0
0
0
0
0
0
0
0
0
0
0
0
0
0
0
0
0
0
0
0
0
0
0
0
0
0
0
0
0
0
0
0
0
0
0
0
0
0
0
0
0
0
0
0
0
0
0
0
0
0
0
0
0
0
0
0
0
0
0
0
0
0
0
0
0
0
0
0
0
0
0
0
0
0
0
0
0
0
0
0
0
0
0
0
0
0
0
0
0
0
0
0
0
0
0
0
0
0
0
0
0
0
0
0
0
0
0
0
0
0
0
0
0
0
0
0
0
0
0
0
0
0
0
0
0
0
0
0
0
0
0
0
0
0
0
0
0
0
0
0
0
0
0
0
0
0
0
0
0
0
0
0
0
0
0
0
0
0
0
0
0
0
0
0
0
0
0
0
0
0
0
0
0
0
0
0
0
0
0
0
0
0
0
0
0
0
0
0
0
0
0
0
0
0
0
0
0
0
0
0
45712
95272
80514
43917
82241
48582
25159
54204
69659
49542
53836
83463
33513
83107
19406
66153
11766
5815
37539
12517
65812
55869
74316
79035
56036
91283
69587
88050
80106
68807
57126
27324
92612
53956
80544
17025
32137
66588
64900
22931
74156
11841
33440
13945
77154
865
6925
27641
38860
55593
32144
16147
88026
3257
47587
72847
38492
1746
27284
65315
79336
95166
70275
61239
65398
59857
86270
65635
82458
5048
59795
38258
59050
91549
95580
21615
82572
54789
70304
73337
37025
60371
12443
93244
76958
92763
53110
28511
84777
22897
3936
57055
88971
27967
38143
41158
55643
62109
64126
47218
56330
27374
72574
25264
11679
72221
67014
87952
35837
6991
43428
79381
64756
93000
74591
24683
51758
71935
97642
8731
74069
1450
37708
64500
33617
45580
54538
82817
69713
28699
33451
8732
9419
69161
4477
12697
17276
23286
45781
1523
84105
65346
46896
78860
8183
41389
9506
2830
8216
94826
80418
33638
67851
26738
17313
96600
53497
62378
56870
43897
25057
57496
49435
9274
91039
12665
28879
49906
59873
92944
14816
36969
22641
35512
55180
84381
33664
99185
11312
53355
13011
26518
80411
4842
2599
523
57535
73828
29512
82222
33496
17509
94146
22067
74337
69572
25188
53690
25123
3417
28098
97302
2392
63287
70447
68821
15014
46039
17819
99830
79234
68910
44773
58425
16510
28838
41842
84295
74732
79623
73846
58413
4602
75997
42023
31488
17216
53665
95207
44282
80541
80704
82528
28469
15027
99286
10831
12879
77963
67739
21301
48123
43090
38397
50657
9087
48054
9990
72725
38288
22724
58957
99284
47338
68012
67148
53443
25133
98286
68286
37862
76996
55637
15560
83184
12875
9612
13364
87499
27714
63725
50590
76310
46166
30359
73623
51702
89352
29447
92721
36447
51410
61596
90393
65810
22674
53431
91345
99546
40142
8766
49549
54441
66394
91730
63482
30895
47901
89605
24172
3068
46431
77034
90584
48130
60997
47993
49300
58888
251
92790
64505
24486
24498
57900
64710
28526
84174
69888
3898
52702
95803
59986
18875
50022
41706
46925
32952
42545
29929
82698
26184
62365
34892
33630
19494
52566
29568
85303
98538
55844
93513
66168
57450
29909
8826
85463
22861
99435
55879
38442
33356
43960
94866
80644
37507
82741
4725
68956
32439
70822
10702
41046
57660
75578
24878
14175
93038
37745
40841
2661
21802
18726
90654
83194
33813
88609
85480
79384
10369
18828
78795
91712
45722
66234
33327
25482
85404
85856
18237
76856
11056
7988
4740
49821
7269
99055
93436
14759
9176
40534
62489
3117
65571
64016
82739
6358
16094
51156
81568
61254
1117
21411
83288
76786
49810
15313
82730
61525
30593
65766
61845
90052
64365
64502
3051
52168
8936
22436
84800
51697
39449
91420
34446
16190
36683
29299
54635
53315
14393
60893
375
58180
42295
31118
603
25762
24086
58191
15142
90875
48396
99535
55501
83429
16470
49464
90969
45873
52774
14273
16307
7263
51753
9169
67578
17014
46314
21614
17595
63469
32400
22710
14683
96753
66209
5450
85577
55899
76580
25759
9031
57048
93106
47958
6434
90968
3445
66814
8495
7869
70997
94002
79370
23660
82963
63479
92975
90680
38459
63648
56798
57546
24914
22148
8750
64476
44478
65622
11143
92405
56010
70015
59193
2154
51649
95766
7742
78432
60753
1662
7854
22232
34392
69845
63606
64177
15037
63533
42531
86537
69361
37983
11585
36366
50822
93255
11480
15948
52197
97769
29975
38212
27830
39361
28905
2992
25598
41149
12803
56747
52763
34655
14282
97245
35658
4270
96224
65699
21723
99927
46002
9630
27886
21572
97602
72422
4055
71321
22484
60065
72975
5066
74195
65239
29955
5352
58129
30302
97841
30937
87655
69877
96601
96761
88047
2649
98045
95416
59602
19855
79450
12216
82393
85338
82806
77132
65864
37939
97581
52709
53025
20183
67542
51815
98206
43423
89595
74909
50436
48856
30171
44558
49912
27949
60516
52701
22616
96190
21298
42614
56992
19848
89468
75466
81039
79515
61810
322
17284
84829
32507
20951
36097
96917
74048
71938
19144
31594
29003
69722
96365
93789
92274
31931
37018
35704
99253
3931
18026
43171
90608
44985
74312
66625
76515
97048
20527
40049
53853
85906
65965
43494
17968
98028
91919
75019
71371
72022
83100
49381
58226
93429
689
14027
1825
19189
49813
81748
67682
67466
74181
33238
72524
259
33603
48531
27563
82866
30402
54304
88205
83012
21238
55578
54893
42618
72556
2040
13260
33593
49636
36427
51317
43385
46282
52389
75871
49727
6347
60394
3299
20101
57910
53198
53817
41920
79694
20455
9157
84755
40937
85504
214
88062
25491
2859
57562
94977
82103
79851
53102
51170
19012
21605
97430
53862
64943
29338
87089
69785
82521
7741
77320
84351
17564
33279
47893
85167
44379
13382
76760
53664
45358
85202
53191
28896
43394
25478
74381
63539
99574
31357
44463
74063
82155
12722
77917
96175
21394
8031
73980
5718
68670
32236
86991
67017
6142
80669
21796
82607
77920
14413
65029
61636
90361
40612
10219
27600
71493
67345
72625
47749
14414
825
61049
46496
82243
81196
89424
70367
37914
63280
10847
7148
47792
7665
93988
51366
8624
63891
13719
78401
92402
77964
14527
38383
62380
13664
96446
74503
70430
1153
45155
17460
25798
31532
16831
9307
1846
5573
44445
32714
61518
91578
69560
52261
78164
15025
17946
19372
61764
38629
45787
66587
93274
92732
99351
91000
27673
37696
83870
21616
62269
96951
68348
69346
15316
8529
81210
16227
7083
58481
96946
30119
48824
49605
84352
13262
11418
75074
15786
17725
14332
5236
23855
94021
50570
60752
6449
12013
70562
3731
60253
6124
47012
56204
23725
85000
74889
49608
66454
54258
23406
82660
63141
23591
88635
43841
11223
84269
72130
11779
76236
28501
71556
70560
14831
27769
34299
56699
18825
21593
40664
370
20559
41433
69990
24656
23937
5167
76968
28980
46250
97727
85923
36562
92847
1604
78690
48801
4478
77357
71680
75494
34323
53341
86497
90352
37644
5168
37489
87329
99798
50571
76383
66883
90574
11667
50032
34944
90076
834
30505
27444
10019
70890
19695
44328
10325
32646
90423
73788
87826
23906
50435
30038
3427
21287
60329
25093
89963
36938
33154
34974
6393
25819
88984
78576
77529
39147
21001
7846
55465
81380
86785
21367
72120
80285
14498
24601
73696
52653
30555
89855
32111
27527
96356
68298
75035
0
0
0
0
0
0
0
0
0
0
0
0
0
0
0
0
0
0
0
0
0
0
0
0
0
0
0
0
0
0
0
0
0
0
0
0
0
0
0
0
0
0
0
0
0
0
0
0
0
0
0
0
0
0
0
0
0
0
0
0
0
0
0
0
0
0
0
0
0
0
0
0
0
0
0
0
0
0
0
0
0
0
0
0
0
0
0
0
0
0
0
0
0
0
0
0
0
0
0
0
0
0
0
0
0
0
0
0
0
0
0
0
0
0
0
0
0
0
0
0
0
0
0
0
0
0
0
0
0
0
0
0
0
0
0
0
0
0
0
0
0
0
0
0
0
0
0
0
0
0
0
0
0
0
0
0
0
0
0
0
0
0
0
0
0
0
0
0
0
0
0
0
0
0
0
0
0
0
0
0
0
0
0
0
0
0
0
0
0
0
0
0
0
0
0
0
0
0
0
0
0
0
0
0
0
0
0
0
0
0
0
0
0
0
0
0
0
0
0
0
0
0
0
0
0
0
0
0
0
0
0
0
0
0
0
0
0
0
0
0
0
0
0
0
0
0
0
0
0
0
0
0
0
0
0
0
0
0
0
0
0
0
0
0
0
0
0
0
0
0
0
0
0
0
0
0
0
0
0
0
0
0
0
0
0
0
0
0
0
0
0
0
0
0
0
0
0
0
0
0
0
0
0
0
0
0
0
0
0
0
0
0
0
0
0
0
0
0
0
0
0
0
0
0
0
0
0
0
0
0
0
0
0
0
0
0
0
0
0
0
0
0
0
0
0
0
0
0
0
0
0
0
0
0
0
0
0
0
0
0
0
0
0
0
0
0
0
0
0
0
0
0
0
0
0
0
0
0
0
0
0
0
0
0
0
0
0
0
0
0
0
0
0
0
0
0
0
0
0
0
0
0
0
0
0
0
0
0
0
0
0
0
0
0
0
0
0
0
0
0
0
0
0
0
0
0
0
0
0
0
0
0
0
0
0
0
0
0
0
0
0
0
0
0
0
0
0
0
0
0
0
0
0
0
0
0
0
0
0
0
0
0
0
0
0
0
0
0
0
0
0
0
0
0
0
0
0
0
0
0
0
0
0
0
0
0
0
0
0
0
0
0
0
0
0
0
0
0
0
0
0
0
0
0
0
0
0
0
0
0
0
0
0
0
0
0
0
0
0
0
0
0
0
0
0
0
0
0
0
0
0
0
0
0
0
0
0
0
0
0
0
0
0
0
0
0
0
0
0
0
0
0
0
0
0
0
0
0
0
0
0
0
0
0
0
0
0
0
0
0
0
0
0
0
0
0
0
0
0
0
0
0
0
0
0
0
0
0
0
0
0
0
0
0
0
0
0
0
0
0
0
0
0
0
0
0
0
0
0
0
0
0
0
0
0
0
0
0
0
0
0
0
0
0
0
0
0
0
0
0
0
0
0
0
0
0
0
0
0
0
0
0
0
0
0
0
0
0
0
0
0
0
0
0
0
0
0
0
0
0
0
0
0
0
0
0
0
0
0
0
0
0
0
0
0
0
0
0
0
0
0
0
0
0
0
0
0
0
0
0
0
0
0
0
0
0
0
0
0
0
0
0
0
0
0
0
0
0
0
0
0
0
0
0
0
0
0
0
0
0
0
0
0
0
0
0
0
0
0
0
0
0
0
0
0
0
0
0
0
0
0
0
0
0
0
0
0
0
0
0
0
0
0
0
0
0
0
0
0
0
0
0
0
0
0
0
0
0
0
0
0
0
0
0
0
0
0
0
0
0
0
0
0
0
0
0
0
0
0
0
0
0
0
0
0
0
0
0
0
0
0
0
0
0
0
0
0
0
0
0
0
0
0
0
0
0
0
0
0
0
0
0
0
0
0
0
0
0
0
0
0
0
0
0
0
0
0
0
0
0
0
0
0
0
0
0
0
0
0
0
0
0
0
0
0
0
0
0
0
0
0
0
0
0
0
0
0
0
0
0
0
0
0
0
0
0
0
0
0
0
0
0
0
0
0
0
0
0
0
0
0
0
0
0
0
0
0
0
0
0
0
0
0
0
0
0
0
0
0
0
0
0
0
0
0
0
0
0
0
0
0
0
0
0
0
0
0
0
0
0
0
0
0
0
0
0
0
0
0
0
0
0
0
0
0
0
0
0
0
0
0
0
0
0
0
0
0
0
0
0
0
0
0
0
0
0
0
0
0
0
0
0
0
0
0
0
0
0
0
0
0
0
0
0
0
0
0
0
0
0
0
0
0
0
0
0
0
0
0
0
44109
57789
43355
68729
51609
90434
14185
89112
41615
54176
80205
9309
88103
83624
2413
60509
65821
64261
7210
39736
52257
44453
16727
35843
30267
12946
51579
67605
83796
46041
10258
95341
28628
76692
67306
5419
21318
34402
10003
91071
40964
22944
93723
20836
83122
33817
80848
54622
83908
12066
36371
52274
94712
52306
26439
21437
62785
45035
14267
65983
30839
48059
86468
93202
6675
14508
34001
58295
49439
43484
3246
70325
23260
46819
15403
91036
46014
40697
1484
17096
85598
25145
49866
17449
37957
17899
93358
49983
26739
91542
6951
77732
73539
52839
58800
77448
66469
85046
21432
87943
25634
68015
58157
85609
18793
42296
93824
16203
51055
80652
57413
85037
283
51706
83025
22465
50965
40544
34628
86530
27054
74554
76277
38737
64366
53976
96747
35025
84029
65725
88196
2702
54861
36475
65303
94295
95992
36105
44567
70342
85784
11148
51316
94860
80781
39086
36080
73964
62123
60847
11890
79654
41728
88244
15887
24551
30362
96309
54043
87780
24552
86022
30700
85020
74123
57641
82672
40494
36107
45759
86709
2735
3492
27346
43722
43223
77836
64498
85493
71032
49913
78119
61677
84362
65318
64183
69434
4543
14346
11601
2990
28453
55603
85803
43235
74506
48276
5821
44821
78872
65341
7733
90662
8630
48261
49768
5158
52173
15818
59175
19510
36857
52605
77006
26171
79942
53017
42067
96282
41214
2654
71429
77750
81754
14825
77434
65576
22518
30680
93370
88008
78770
98345
60521
22876
3640
94336
27686
73013
64701
8897
40182
13212
96426
94198
32627
48959
54624
21513
26753
87464
99781
54672
7226
52757
98586
87072
24787
45982
51079
22164
3444
77794
82664
84689
11316
76663
95073
14215
97419
28000
5020
97691
96502
62206
79075
92695
32716
88611
12807
75091
35622
70978
28528
32205
42155
72944
12679
94849
69589
37961
62944
79164
38421
70827
96658
68496
44800
16606
8357
14773
26911
94834
71611
35116
16729
533
46485
63551
42200
37461
54290
55830
28822
26318
82251
19450
62000
48415
86275
13023
35848
15650
26751
89744
58894
75555
45415
24127
37853
10491
37128
80798
15844
95848
32288
90885
11306
34288
39413
76416
1013
45025
87863
96054
62539
62981
14354
70642
55687
96546
16418
62236
60822
88124
30254
68229
13061
74479
8583
84143
85146
91747
37734
56883
69908
76038
69594
40015
10083
25555
89374
18292
86058
72035
57311
93682
25504
32095
12808
42834
21702
28967
30982
58478
42412
6844
20730
27301
16818
19954
7984
95752
82162
26181
52303
91146
40946
81017
5164
39127
68369
90697
99129
19090
42565
64266
54970
72539
90053
68382
92974
27513
63171
50813
68260
40219
58025
44441
18580
49578
6797
51799
60525
47739
80287
99485
88242
64602
58744
75948
19316
17510
49161
66644
6731
12539
56566
50356
368
60780
26795
25648
78792
60310
19733
48263
1318
12316
24527
60514
35700
54817
82975
92692
65351
85986
14476
20098
95664
38467
16557
95312
36079
69046
90568
67211
49668
60724
19333
79736
19427
78764
58872
76379
27801
96472
56228
52085
17583
87793
84423
55937
21396
15420
10293
5088
37422
72407
66337
89526
44991
98571
47422
79480
84482
68155
90025
49420
89945
36195
19357
47555
19464
90688
90094
28961
55566
75099
58816
28596
80428
65223
95023
44123
78606
166
87435
27298
62009
690
8817
62596
4113
80885
53617
61832
19967
39688
21862
18682
27041
25957
49651
51137
36282
63226
64734
71931
92990
95824
35389
48885
81760
6590
69526
35449
88344
33060
65360
22403
88101
32122
59108
41542
1393
72200
313
82580
22679
72757
61074
94666
83300
60452
49672
89224
76168
22790
98810
27267
30326
86484
49018
71618
80302
69446
25928
57431
48500
85854
71791
67476
14188
80093
91347
58047
42973
49564
78028
49263
62219
17387
55579
37542
24947
31472
73376
37216
2850
59495
81053
82081
84236
56338
93738
89399
95026
96187
13281
13114
32658
40099
94353
65905
39582
63805
8163
24648
28133
32020
86934
76085
83956
30930
28031
42714
36573
21658
32339
29142
15152
93256
39347
55035
50743
45339
35160
40061
89593
32449
15423
4017
23869
20333
51233
47602
2423
79346
27821
80803
93883
93751
20143
13480
49628
9001
6690
35407
10535
80444
65870
39653
9276
63200
46888
62934
34424
32029
62224
17513
69935
90127
74172
48400
28546
24769
1881
31945
4257
90763
87183
93514
57542
88153
31664
77678
97038
25479
45384
88329
98127
36106
71783
23957
23915
14261
27807
46562
52259
15175
73520
57053
15491
47027
10624
75548
78149
87184
13688
43256
10243
22759
97539
18360
45958
35759
73616
63194
74476
45737
39805
34415
39506
3771
57418
57029
79272
34669
18531
65606
18050
24117
87283
10503
88171
25436
58675
1277
60177
96216
6405
12150
45813
11247
21548
77924
22555
80974
11237
81550
19244
21277
10676
79340
98651
69813
97781
94521
97811
27885
2434
66632
16412
88550
62997
93505
36120
2574
92832
86803
90515
25456
89450
7462
49562
32904
54574
36886
14213
80943
77317
79479
41154
37411
67802
11656
2686
80374
69379
35821
50298
50401
77799
26193
76296
56507
16266
58761
14973
60334
81152
13459
66701
52457
75527
78652
1842
5920
38385
27861
20750
32553
59703
88382
20489
72505
19183
27587
15211
26963
14485
80391
18193
73035
74965
60026
83500
65724
33545
41752
18128
53202
26305
5642
62708
78202
31072
45762
30587
6918
32200
42976
58552
2196
34025
42392
55440
27150
28561
827
87751
51277
82779
37571
34040
94532
88792
32132
97037
61922
70722
70265
83222
25334
81132
7773
61553
66779
78891
64988
91683
45240
83547
52463
65643
7608
3155
38712
73773
76797
74073
41445
74070
78715
25379
61344
33162
82807
27969
43565
18912
41721
32349
6798
87991
38656
10253
43747
26139
13471
68474
65517
19130
843
28675
21477
62093
71221
50577
5128
78080
35677
46966
3468
94693
95876
34579
11816
71437
80373
88588
58379
46511
69324
28114
88696
13654
68502
60040
4177
43678
44151
16943
5134
87013
58127
89275
89680
55173
4433
63101
54955
50637
93023
40818
55676
11424
6169
48116
96976
50362
96161
46703
67647
20278
40569
86380
1002
49518
70788
21051
11864
56050
17181
97193
60973
30032
36872
67408
77301
73778
95037
25290
30735
96923
44705
95204
36601
69712
13063
31384
12817
42319
69987
19959
16775
93467
94314
96389
32175
71361
7711
68695
43048
17151
76602
50811
59297
5465
0
0
0
0
0
0
0
0
0
0
0
0
0
0
0
0
0
0
0
0
0
0
0
0
0
0
0
0
0
0
0
0
0
0
0
0
0
0
0
0
0
0
0
0
0
0
0
0
0
0
0
0
0
0
0
0
0
0
0
0
0
0
0
0
0
0
0
0
0
0
0
0
0
0
0
0
0
0
0
0
0
0
0
0
0
0
0
0
0
0
0
0
0
0
0
0
0
0
0
0
0
0
0
0
0
0
0
0
0
0
0
0
0
0
0
0
0
0
0
0
0
0
0
0
0
0
0
0
0
0
0
0
0
0
0
0
0
0
0
0
0
0
0
0
0
0
0
0
0
0
0
0
0
0
0
0
0
0
0
0
0
0
0
0
0
0
0
0
0
0
0
0
0
0
0
0
0
0
0
0
0
0
0
0
0
0
0
0
0
0
0
0
0
0
0
0
0
0
0
0
0
0
0
0
0
0
0
0
0
0
0
0
0
0
0
0
0
0
0
0
0
0
0
0
0
0
0
0
0
0
0
0
0
0
0
0
0
0
0
0
0
0
0
0
0
0
0
0
0
0
0
0
0
0
0
0
0
0
0
0
0
0
0
0
0
0
0
0
0
0
0
0
0
0
0
0
0
0
0
0
0
0
0
0
0
0
0
0
0
0
0
0
0
0
0
0
0
0
0
0
0
0
0
0
0
0
0
0
0
0
0
0
0
0
0
0
0
0
0
0
0
0
0
0
0
0
0
0
0
0
0
0
0
0
0
0
0
0
0
0
0
0
0
0
0
0
0
0
0
0
0
0
0
0
0
0
0
0
0
0
0
0
0
0
0
0
0
0
0
0
0
0
0
0
0
0
0
0
0
0
0
0
0
0
0
0
0
0
0
0
0
0
0
0
0
0
0
0
0
0
0
0
0
0
0
0
0
0
0
0
0
0
0
0
0
0
0
0
0
0
0
0
0
0
0
0
0
0
0
0
0
0
0
0
0
0
0
0
0
0
0
0
0
0
0
0
0
0
0
0
0
0
0
0
0
0
0
0
0
0
0
0
0
0
0
0
0
0
0
0
0
0
0
0
0
0
0
0
0
0
0
0
0
0
0
0
0
0
0
0
0
0
0
0
0
0
0
0
0
0
0
0
0
0
0
0
0
0
0
0
0
0
0
0
0
0
0
0
0
0
0
0
0
0
0
0
0
0
0
0
0
0
0
0
0
0
0
0
0
0
0
0
0
0
0
0
0
0
0
0
0
0
0
0
0
0
0
0
0
0
0
0
0
0
0
0
0
0
0
0
0
0
0
0
0
0
0
0
0
0
0
0
0
0
0
0
0
0
0
0
0
0
0
0
0
0
0
0
0
0
0
0
0
0
0
0
0
0
0
0
0
0
0
0
0
0
0
0
0
0
0
0
0
0
0
0
0
0
0
0
0
0
0
0
0
0
0
0
0
0
0
0
0
0
0
0
0
0
0
0
0
0
0
0
0
0
0
0
0
0
0
0
0
0
0
0
0
0
0
0
0
0
0
0
0
0
0
0
0
0
0
0
0
0
0
0
0
0
0
0
0
0
0
0
0
0
0
0
0
0
0
0
0
0
0
0
0
0
0
0
0
0
0
0
0
0
0
0
0
0
0
0
0
0
0
0
0
0
0
0
0
0
0
0
0
0
0
0
0
0
0
0
0
0
0
0
0
0
0
0
0
0
0
0
0
0
0
0
0
0
0
0
0
0
0
0
0
0
0
0
0
0
0
0
0
0
0
0
0
0
0
0
0
0
0
0
0
0
0
0
0
0
0
0
0
0
0
0
0
0
0
0
0
0
0
0
0
0
0
0
0
0
0
0
0
0
0
0
0
0
0
0
0
0
0
0
0
0
0
0
0
0
0
0
0
0
0
0
0
0
0
0
0
0
0
0
0
0
0
0
0
0
0
0
0
0
0
0
0
0
0
0
0
0
0
0
0
0
0
0
0
0
0
0
0
0
0
0
0
0
0
0
0
0
0
0
0
0
0
0
0
0
0
0
0
0
0
0
0
0
0
0
0
0
0
0
0
0
0
0
0
0
0
0
0
0
0
0
0
0
0
0
0
0
0
0
0
0
0
0
0
0
0
0
0
0
0
0
0
0
0
0
0
0
0
0
0
0
0
0
0
0
0
0
0
0
0
0
0
0
0
0
0
0
0
0
0
0
0
0
0
0
0
0
0
0
0
0
0
0
0
0
0
0
0
0
0
0
0
0
0
0
0
0
0
0
0
0
0
0
67236
57322
90549
11822
7082
95898
49944
56048
64260
50331
54274
32039
47228
28448
77330
48451
19815
71828
19518
31455
43591
97060
17263
59819
32419
95694
1389
16495
24923
55382
33851
74477
34430
22048
11279
44055
13972
91397
78400
77267
75081
12354
75881
75316
56565
85590
93444
91321
89127
70347
85489
44657
80906
54642
39240
25185
26794
44906
96526
5064
6425
72106
10755
61470
30566
37
47513
77159
67117
22231
7008
29448
52846
26115
87815
47138
54284
46902
61199
91999
65005
32668
8599
49270
83451
91984
80589
57223
53988
56656
87141
52059
42328
54556
20318
96445
64995
29808
67112
28726
55429
6698
26070
96461
3809
62031
14964
96671
16045
52762
64978
32989
15237
99137
34857
154
39750
24700
45481
77588
31898
56697
65568
68930
7537
61081
60903
83697
78988
2161
686
6170
15591
59553
85009
15552
60206
71970
36368
48472
55516
28089
32867
21529
19789
31303
91248
15841
68011
15400
49450
89286
67963
54177
16402
7223
65106
90028
6119
65621
84827
51503
73362
72447
62947
85471
36207
33721
26646
94213
22970
44375
42401
17324
52731
12513
36930
99428
75201
8332
26100
18645
39784
34827
53806
74392
98484
46790
88639
28082
86094
93133
22143
99348
12119
15200
84665
43945
52557
64178
85268
99209
99008
33907
14431
61023
42263
65843
57325
64024
54200
49614
53966
61363
1756
8043
35683
3841
50910
9991
54107
62295
93464
98145
33180
18358
10423
8000
48986
69381
69667
72454
41919
93705
87238
58942
92801
11175
93158
38626
62375
18006
79814
54549
96300
17645
48203
91238
49422
42122
10505
44348
11399
56091
33006
97756
38115
68894
46868
87725
81056
9490
57832
3490
15953
86594
82989
21521
80502
51189
80564
11139
3845
47127
32265
87920
7089
19272
48644
45333
96058
43610
74992
12866
97265
68406
70289
94268
42288
77164
2908
37633
95954
17456
63804
31278
16526
56407
26576
81121
600
26279
5393
74617
68188
15153
78366
49911
20180
25051
56200
82988
78375
17803
42358
21130
9645
15568
14791
65086
69260
67432
54391
66490
43096
57503
86244
10908
61054
75291
30594
21080
22
28020
4414
26604
32109
26853
47132
10107
47383
7154
11299
45001
84884
89358
31662
71143
13801
6058
96366
27416
45250
97125
9740
66691
86585
73049
95025
735
3743
31909
29300
35455
19564
81345
81358
62622
9040
1136
37912
37280
60020
48776
42648
30045
83424
94881
3160
74056
92317
51864
1683
60225
97326
50200
74599
33253
1033
37848
14917
54733
64813
54129
80112
53480
39780
45648
99775
70407
92554
56620
39116
85345
26459
58596
287
81226
48991
28694
32738
10359
88958
26621
88363
19988
91708
5054
14241
76944
1229
44982
60812
89369
59298
54875
72086
11483
8671
37555
61966
35151
28391
87944
71994
90406
17821
99973
5015
70171
56463
38104
96770
19294
33156
69318
40854
21624
6160
8111
97820
43741
61733
42382
21782
46629
53367
73196
68010
82202
31441
8515
61756
51138
51848
41361
86579
97742
94585
42557
9373
1951
9822
83744
14136
8168
56815
80721
85195
77155
89257
96834
22678
12952
27758
36844
50290
1444
53547
89592
36477
47704
99126
7429
39769
7567
11513
78471
89238
50532
56922
1312
5052
64882
75328
34907
75390
47375
2419
63340
99508
8747
73675
19109
88234
507
90136
32654
26583
58012
82114
18238
34305
62972
53677
42794
65997
17774
82795
36768
88190
58081
80880
93776
60265
76591
36259
38048
79316
50410
45981
49056
39940
36235
41408
24773
67058
13252
27848
40187
77100
17021
51066
22985
33196
58915
76674
89616
503
3533
9667
49126
19175
96139
85654
68364
41770
9029
31476
43061
17153
26038
97282
43197
5936
27705
81035
55826
95660
77885
75924
57704
10475
79045
25734
63702
14694
98438
5829
36108
88377
3627
97036
57927
88079
88909
45131
39615
36727
5116
55223
89192
41357
3106
33122
27995
99613
36917
14783
24284
87165
90940
2554
69563
62941
79720
32066
82928
26706
76861
78965
83567
53837
22753
57575
22843
36898
49979
53546
31757
90606
18795
73484
85511
30488
98060
36540
79985
93330
32010
62374
39603
2418
87407
10122
82792
86163
81870
10541
92389
60556
62299
75847
51042
29614
70409
62362
15040
97816
8894
65010
88376
62945
25449
5355
11901
79575
66289
87995
86557
4532
34880
16108
69828
23269
78613
10058
69039
23046
95511
57168
62321
5677
20026
1665
6968
67747
81000
2014
55249
93331
72742
202
58301
90626
10712
3955
52034
43554
36060
86657
21449
71522
14764
67595
43453
76771
91415
49074
48534
38308
32273
38328
77193
80451
57684
55612
44539
61944
86136
23326
32889
10229
31111
97931
25507
67005
75469
23014
42875
79041
93145
68281
24538
77813
3998
69415
89929
51992
17885
83825
43413
74170
79881
94548
56740
90325
18149
61244
92006
87069
26046
56552
19119
77361
19772
59169
64400
98714
83306
92954
71854
39759
64637
59700
62788
85117
65647
77568
10332
71033
96914
13448
79817
29398
31686
49281
64342
12422
10156
54603
70221
60922
34035
70078
67241
4079
99018
76773
77226
22456
42455
65612
68478
12229
37394
10404
65016
61901
40175
43937
32572
51463
48711
11618
30034
44704
18406
96458
89582
33672
45681
6618
97076
74736
78001
21107
91909
70759
97918
3255
99939
19554
13365
14107
89875
88560
83860
45941
11778
40042
59756
43802
20880
54490
64099
13344
94226
90920
29119
22636
13849
27353
13504
205
49816
65527
83943
65822
73222
81094
9660
88252
41516
56556
29014
16744
83334
89457
59124
98674
21157
73131
23273
52230
55103
89563
84000
59013
7198
28521
39190
76684
58880
95980
94091
41727
46182
48377
69583
79722
66410
83911
23088
76510
4805
40834
5553
62276
56006
90377
36965
96734
3838
6075
92479
19288
15760
72345
18467
89663
51213
64056
89755
4520
38891
79868
13930
14960
44930
79962
82765
53811
32173
35186
48596
85740
2931
16001
89969
5317
7473
75622
22331
83867
71258
13592
60726
30715
7373
97006
80720
46216
51740
48581
56826
46205
87650
91250
97695
58835
85671
11622
41221
87939
84824
33639
28924
71936
91174
18257
1250
33443
53039
91704
13751
3376
47916
49612
85217
1237
53034
87198
1684
37374
86969
94583
61330
62611
45971
61041
86018
52743
32126
39770
55097
86321
51227
46954
73787
2259
61807
96742
67111
89409
95007
15970
10906
26581
92602
51927
12281
10608
20231
35153
68383
85604
67700
16593
37965
0
0
0
0
0
0
0
0
0
0
0
0
0
0
0
0
0
0
0
0
0
0
0
0
0
0
0
0
0
0
0
0
0
0
0
0
0
0
0
0
0
0
0
0
0
0
0
0
0
0
0
0
0
0
0
0
0
0
0
0
0
0
0
0
0
0
0
0
0
0
0
0
0
0
0
0
0
0
0
0
0
0
0
0
0
0
0
0
0
0
0
0
0
0
0
0
0
0
0
0
0
0
0
0
0
0
0
0
0
0
0
0
0
0
0
0
0
0
0
0
0
0
0
0
0
0
0
0
0
0
0
0
0
0
0
0
0
0
0
0
0
0
0
0
0
0
0
0
0
0
0
0
0
0
0
0
0
0
0
0
0
0
0
0
0
0
0
0
0
0
0
0
0
0
0
0
0
0
0
0
0
0
0
0
0
0
0
0
0
0
0
0
0
0
0
0
0
0
0
0
0
0
0
0
0
0
0
0
0
0
0
0
0
0
0
0
0
0
0
0
0
0
0
0
0
0
0
0
0
0
0
0
0
0
0
0
0
0
0
0
0
0
0
0
0
0
0
0
0
0
0
0
0
0
0
0
0
0
0
0
0
0
0
0
0
0
0
0
0
0
0
0
0
0
0
0
0
0
0
0
0
0
0
0
0
0
0
0
0
0
0
0
0
0
0
0
0
0
0
0
0
0
0
0
0
0
0
0
0
0
0
0
0
0
0
0
0
0
0
0
0
0
0
0
0
0
0
0
0
0
0
0
0
0
0
0
0
0
0
0
0
0
0
0
0
0
0
0
0
0
0
0
0
0
0
0
0
0
0
0
0
0
0
0
0
0
0
0
0
0
0
0
0
0
0
0
0
0
0
0
0
0
0
0
0
0
0
0
0
0
0
0
0
0
0
0
0
0
0
0
0
0
0
0
0
0
0
0
0
0
0
0
0
0
0
0
0
0
0
0
0
0
0
0
0
0
0
0
0
0
0
0
0
0
0
0
0
0
0
0
0
0
0
0
0
0
0
0
0
0
0
0
0
0
0
0
0
0
0
0
0
0
0
0
0
0
0
0
0
0
0
0
0
0
0
0
0
0
0
0
0
0
0
0
0
0
0
0
0
0
0
0
0
0
0
0
0
0
0
0
0
0
0
0
0
0
0
0
0
0
0
0
0
0
0
0
0
0
0
0
0
0
0
0
0
0
0
0
0
0
0
0
0
0
0
0
0
0
0
0
0
0
0
0
0
0
0
0
0
0
0
0
0
0
0
0
0
0
0
0
0
0
0
0
0
0
0
0
0
0
0
0
0
0
0
0
0
0
0
0
0
0
0
0
0
0
0
0
0
0
0
0
0
0
0
0
0
0
0
0
0
0
0
0
0
0
0
0
0
0
0
0
0
0
0
0
0
0
0
0
0
0
0
0
0
0
0
0
0
0
0
0
0
0
0
0
0
0
0
0
0
0
0
0
0
0
0
0
0
0
0
0
0
0
0
0
0
0
0
0
0
0
0
0
0
0
0
0
0
0
0
0
0
0
0
0
0
0
0
0
0
0
0
0
0
0
0
0
0
0
0
0
0
0
0
0
0
0
0
0
0
0
0
0
0
0
0
0
0
0
0
0
0
0
0
0
0
0
0
0
0
0
0
0
0
0
0
0
0
0
0
0
0
0
0
0
0
0
0
0
0
0
0
0
0
0
0
0
0
0
0
0
0
0
0
0
0
0
0
0
0
0
0
0
0
0
0
0
0
0
0
0
0
0
0
0
0
0
0
0
0
0
0
0
0
0
0
0
0
0
0
0
0
0
0
0
0
0
0
0
0
0
0
0
0
0
0
0
0
0
0
0
0
0
0
0
0
0
0
0
0
0
0
0
0
0
0
0
0
0
0
0
0
0
0
0
0
0
0
0
0
0
0
0
0
0
0
0
0
0
0
0
0
0
0
0
0
0
0
0
0
0
0
0
0
0
0
0
0
0
0
0
0
0
0
0
0
0
0
0
0
0
0
0
0
0
0
0
0
0
0
0
0
0
0
0
0
0
0
0
0
0
0
0
0
0
0
0
0
0
0
0
0
0
0
0
0
0
0
0
0
0
0
0
0
0
0
0
0
0
0
0
0
0
0
0
0
0
0
0
0
0
0
0
0
0
0
0
0
0
0
0
0
0
0
0
0
0
0
0
0
0
0
0
0
0
0
0
0
0
0
0
0
0
0
0
0
0
0
0
0
0
0
0
0
0
0
0
0
0
0
0
0
0
0
0
0
0
0
0
34597
63624
28004
86731
30390
90494
97137
82325
8202
40462
54552
68593
93773
68888
36977
79745
64404
8348
23007
18876
299
59879
38166
60951
17927
25506
68297
68928
79332
80664
72654
42718
84002
9166
93525
33208
51188
82137
59064
69359
58539
28015
2751
39232
47734
96072
72189
67101
38350
6448
16410
1425
36237
88240
34027
64643
84376
41193
81157
10715
23944
31928
56944
16029
81966
11720
12597
79081
71605
33390
34969
98372
75698
51047
93822
65236
66304
15932
87425
25099
28210
24834
63110
67848
19790
8508
35335
28292
12329
40693
29896
78407
21990
64503
41126
12377
26027
93840
35552
67332
34008
25411
12622
60256
99968
81664
15330
33465
26955
29180
63214
49842
51016
58946
1278
44803
38320
2430
25788
83418
78711
17289
16804
6852
72616
53220
65206
93500
89822
91816
81257
81574
99481
63152
82794
52164
92977
78303
6476
67474
10764
58663
6631
28969
53285
40764
54722
10797
9580
98462
49224
91676
6816
73096
1100
68774
30184
31222
47431
58218
33313
52222
33281
29178
319
76054
86668
48185
74155
41380
97707
53221
75445
34209
23676
29769
6156
80831
5508
90294
65671
82281
12780
99872
82224
51635
94720
40842
36904
38939
49832
22319
96420
3419
50540
63472
83696
49247
18096
51531
763
78312
11809
52446
56283
96656
88920
32565
88501
60869
24899
82941
22224
38603
76806
81368
28869
84104
14858
51929
48740
62575
24166
7903
8521
64418
84532
53281
29445
4813
48942
20611
52796
3846
89299
1961
11216
9864
19019
27775
66559
12648
20228
75346
4951
8767
95892
66095
6837
95702
81385
90904
47611
3890
80149
3276
43537
70974
69216
31456
18832
25832
72061
57344
27729
95841
26964
76618
86492
65483
50623
79169
35046
84980
72013
17920
64685
67784
75347
73057
39731
78201
48613
19526
76083
86183
16394
62018
30451
53340
98396
86553
8662
91795
90346
97140
93849
6329
86210
9355
92665
37245
10940
97310
94206
8432
49271
30790
13287
44674
35873
68733
20555
29532
59932
39346
65491
91673
87125
70500
25735
84550
21670
58912
97417
36054
71405
86276
16645
95878
49467
57125
64359
38237
3447
40743
65212
76352
44081
83980
21907
4626
4351
9488
74918
62412
73506
86049
90860
65956
19843
95440
48984
47183
57395
90308
15089
96240
82823
284
5736
14432
94760
22173
85685
91718
7143
99131
13017
54864
82147
45924
38875
52512
9039
42490
10613
5333
42657
61132
14756
82328
33452
90349
95326
13366
15544
57801
87167
67394
69287
93746
27614
42169
30131
71442
15387
72026
31304
49692
40083
60729
63066
60149
5840
33988
11793
58303
87284
30385
98222
49058
84866
80699
38845
19115
60033
98735
63237
15595
76200
40438
55368
38585
24722
15206
50821
73268
74474
17634
43538
65831
5881
87806
70371
98952
92850
19271
36089
94492
70164
19134
62220
7470
67138
57445
55608
98106
76777
54564
48047
53901
91592
61827
83399
29794
82141
4994
25667
72129
35793
39447
44534
62367
80025
82760
8140
6756
23159
12285
89404
91383
59302
50497
75194
17912
76063
98173
26848
38832
48727
59391
54325
86784
20498
28556
6443
37879
82378
41406
69199
80889
64042
99820
19982
952
81141
10734
11131
36691
90810
51907
66638
53133
46006
52239
77439
15995
26765
25899
34885
92525
22658
81522
24830
91903
69336
3251
71101
61027
71975
953
17559
36389
93372
18429
60381
98892
60160
16173
28484
38236
25612
73893
67050
79606
25120
70618
97919
96045
18827
94785
88605
2322
58450
91239
50502
10793
15241
37730
77269
3428
93531
17903
89185
59105
95108
5518
85969
40442
5887
36295
86677
54765
78205
35052
79482
94331
16580
91879
85341
45494
55287
26381
58
73094
98020
11818
20321
25860
85950
8733
41336
94841
45774
50430
47813
59718
56898
5069
65871
12874
21637
68641
5692
40913
36836
10329
14855
80142
83358
13352
55866
93254
93506
66244
42791
60263
96804
5067
93969
3616
40740
89712
75726
53125
18078
84769
40349
63169
45856
78934
53123
95363
96825
95598
66556
26400
17034
79354
22946
82194
60690
35292
53807
89175
17440
87417
99920
391
24319
98893
99929
36929
15445
48834
71076
50412
10088
85177
99708
99230
6100
38116
4361
6864
54890
93343
36398
21749
66365
74557
38867
96057
52072
84424
73152
62903
72904
1028
43962
12345
14333
51904
22632
61491
39813
75057
94677
20152
97390
43435
27016
74222
23397
59620
39790
22849
46914
47071
8792
73755
22424
77
69603
55075
68113
62361
65695
8780
48100
60808
42198
59217
33474
44552
86121
428
27531
17464
30043
24334
50495
45459
55852
19563
30044
13912
21356
81006
39164
70270
48140
92919
22472
86346
16107
67558
66994
14788
51275
66141
62158
87061
55954
28494
61958
61401
95963
70860
70620
42678
6938
57285
64890
2999
80933
76709
64880
72562
26366
92250
54078
47598
97993
22363
19586
28324
85295
73459
62223
98463
6152
10430
78618
42341
38316
28112
35730
69839
80747
58567
24935
29303
2334
91553
29442
78494
42189
57545
55908
69586
3747
90055
48673
24302
86041
24811
26289
23161
36348
721
42876
83613
41534
56681
59197
99856
19866
30406
47576
61743
38892
30460
33921
56975
29208
56065
29994
12361
56930
96570
35716
89365
73852
14781
9282
5399
99296
13669
43209
758
45399
24027
75680
73939
28708
96522
13832
7938
61271
49088
74127
7497
7997
17523
84440
49266
83368
96852
58560
96067
2954
95659
40893
46262
16762
9434
57000
89097
8707
41174
79429
53389
93134
59884
89346
48101
26898
4830
92371
20000
73395
3127
97355
57925
66306
73560
20436
30396
53231
11359
71825
29496
40201
90601
40448
10217
24815
49543
76303
31209
57176
21916
41999
95704
73499
11099
13423
7309
36695
75380
98174
71029
95742
61335
31055
75815
89406
81803
12185
80481
78977
87403
81229
37496
40765
37439
62107
90691
13621
15649
848
94341
69536
83187
26510
74314
50683
92028
59726
31602
532
69082
98659
35111
12712
39816
8256
48218
25608
11345
5366
31768
57054
12560
69395
69691
46491
25376
75983
43638
99259
32244
47721
9411
63494
77400
92311
40475
76105
13289
15536
37573
90992
12433
2642
1355
6867
4929
72429
94581
96380
27522
74626
91556
18067
28573
50964
59436
94042
41647
20416
63488
74326
43535
61329
50876
46639
77909
30794
27018
17147
43946
58419
54648
85243
88193
4215
53012
83438
19142
95700
13795
92430
28680
60259
10320
92340
86173