1
126370
568849
126370
1
126370
126370
568849
692428
568849
568849
596023
874833
874833
874833
596023
596023
596023
1
863722
996865
622173
692428
411445
126370
112827
863722
721768
692428
721768
347309
544305
527186
563318
1
126370
692428
976350
568849
871841
112827
825147
874833
622173
196248
271656
126370
347309
606130
874833
271656
544305
112827
721768
863722
596023
153137
245243
825147
112827
622173
196248
159786
347309
622173
58220
468427
563318
271656
606130
547236
242492
20590
544305
892162
154655
242492
825147
501895
996865
938767
996865
271656
373138
753334
276598
371880
837629
972220
652710
622173
96343
294879
989207
194069
42955
972220
249014
860811
809688
753274
20590
159786
16042
871841
976350
721768
1
838525
715475
249014
825147
112827
493416
871841
721768
596023
126370
887292
347309
96343
892162
636406
194069
373138
753334
16042
606130
976350
222378
42955
411445
126370
300062
745371
486328
91285
1
222708
60250
42955
468427
153137
203380
153137
68267
154655
812041
591515
346985
338033
546322
659399
336054
154655
427796
838525
468964
427796
563318
679950
913370
892162
300062
222378
468964
257589
288845
346985
622173
459037
677816
659399
400832
165687
910032
300062
294879
483199
371880
825147
620401
303988
609460
993855
825147
483199
299771
679950
873817
48062
165687
501895
93063
356130
346985
544305
974810
196248
837214
303988
250227
223314
483199
371880
606130
652710
419287
461531
938767
620401
304254
499574
547236
20590
210933
38572
155445
606130
249014
443762
850841
58220
547406
294879
692428
222708
609460
347309
610112
609460
321690
255230
610874
537041
606130
41464
459037
343243
430696
483199
808972
858515
715475
568849
193399
863847
652710
913370
42052
227275
976350
563318
336909
85544
283418
303988
976350
730978
863722
371880
543345
568849
964277
393607
588665
813102
58220
16042
486328
159786
48062
393607
419287
837214
18189
411445
60250
612405
286438
181618
119012
26433
858515
568849
686472
303988
980931
910362
310776
197879
686472
730978
227275
493416
60250
482324
245243
120041
996865
155128
96495
304254
170385
692428
193399
699369
659399
540647
499574
677816
753334
193399
249014
42052
210933
288845
563318
468427
716923
176314
859674
58220
357228
906598
874833
461531
547406
486328
975878
263467
776474
261567
973069
85544
290610
863847
265083
964277
730978
14773
167159
340781
13498
563318
947742
488789
786862
70134
187579
377264
10778
379840
691405
887292
276598
183229
763866
20590
400832
343243
170385
609460
18189
622982
780903
813102
603633
222708
809688
303988
141329
170385
776215
196248
538237
415544
261567
639273
778481
543345
321690
585694
41464
209654
222708
286438
343243
183229
300062
335374
255230
596023
721768
154655
111061
136833
568849
910362
592553
397660
864931
866918
459037
751731
699258
212
730319
745371
42052
906598
111061
824946
257589
756804
501895
268978
126370
10291
60250
285843
652710
669548
400832
207520
974810
450056
871841
692277
377264
715475
458308
887292
96346
702009
492076
960765
716923
450134
306805
547406
299048
40574
450134
379263
890420
677816
283418
345213
851767
299771
131807
759324
159786
4964
299048
286438
824946
223314
492076
20590
212625
298140
585259
680957
96495
286238
419287
641361
859674
763866
642102
54252
976350
290610
637715
882020
699258
882020
706730
560809
674395
292101
887292
774930
338033
605122
209654
256774
836103
765197
942960
119012
507633
660730
863028
54252
433450
692428
606130
14773
942960
711777
298140
753156
858515
479638
973069
659399
42955
426821
292101
320684
371409
323339
113501
40574
511985
637318
191799
635472
603633
10291
624102
284255
354568
674395
16042
68267
54252
732377
769057
131807
925540
126370
732468
259865
890228
774887
450056
397119
461531
594721
227275
433450
908710
354568
863722
222378
336054
371409
641361
499574
717049
507233
238480
426821
637715
273534
338033
928309
609460
908710
169910
433479
257589
824142
507831
304254
777557
882020
58220
286339
976350
622173
356130
975878
261521
540647
7348
910362
261521
808972
14875
91285
871890
415544
85544
426787
669548
910362
730319
913622
854742
691528
610874
217705
706730
265083
346998
633866
468964
53161
248847
947742
660660
266107
350510
80289
838525
546916
490772
871841
646693
257589
624102
566982
2238
38572
303988
492076
194069
354568
374592
53161
109696
679334
13498
210933
112827
538237
890420
522730
765197
1
472074
126370
828904
187579
482324
962937
96346
712660
858515
591515
155445
48789
910032
863135
222378
819348
828904
48507
900597
730871
528222
925540
228981
196248
386946
336054
620401
889699
203380
756804
909952
831404
917480
910362
537041
310776
238480
16042
197879
276070
290610
871841
909952
132796
563318
77691
778481
426787
94745
187579
255230
637715
547406
111061
754068
165687
637318
620401
136833
357937
608864
474121
679334
889699
873817
326969
261112
559393
397660
860841
58647
972220
864931
223161
212
544305
197879
224885
564420
131807
303988
237100
713709
468325
804862
194069
484167
271656
909952
572450
592553
323339
309729
964277
560809
811735
283418
963527
214712
774887
947742
102388
684812
68267
343243
756765
668145
330776
660660
308995
559393
484167
716375
710765
564420
155128
335374
809688
980878
679950
187579
258432
522730
475680
54252
948435
276598
724495
294879
706730
769057
34382
485414
397119
637318
133961
357937
957594
146228
40574
19674
669529
267208
708668
141203
664384
838525
382215
266107
214712
566982
792606
35192
426821
757884
727804
320114
54252
286339
196457
703967
210933
482324
639273
518795
860841
650765
54252
463093
286438
863775
465871
540908
158536
154655
149036
677816
754068
379263
539217
990061
228981
566982
700226
49223
14773
139858
765815
159786
132738
765197
227275
751731
14875
290610
860841
450056
400832
769057
703967
273534
711622
743686
212
386946
950633
991624
283846
210933
577200
472444
847890
27404
361464
780075
26224
547406
273534
150610
610112
286599
215521
548593
811735
468261
890420
283418
7564
450134
860196
996865
7348
490425
49223
622173
10291
265886
468325
448687
982383
266107
250227
574788
340781
575554
866918
659399
591515
929683
214712
643292
415544
209235
980931
261521
99340
379263
443762
266107
373883
641361
93063
990061
320114
787191
468325
81848
65737
96343
509295
703166
674836
243019
381849
753156
761342
228981
765815
631382
650935
990835
703166
609460
87526
111061
53161
787327
405068
299379
283418
855217
765197
954659
892859
263467
461531
517921
871841
346998
434895
99340
633866
15296
703967
186985
10291
708681
917480
575554
793753
411445
739490
723658
381849
863028
661951
474948
161711
966807
603633
917233
690558
753156
811735
58647
119012
703067
918278
922081
689505
775464
59349
464460
449054
826559
261567
125389
54252
459037
320114
53161
193399
789330
774887
275994
703166
728104
708668
261112
610847
955290
478942
411664
247188
548593
40574
421599
225887
851767
642102
96829
490772
356377
708060
739628
730531
712660
928182
897695
299771
857010
373883
914434
93573
730531
909380
962467
866918
332549
26433
713709
955290
580377
53161
572450
910362
715475
336909
885554
341335
306805
488789
887292
661951
919382
865151
776130
752968
379263
121584
160425
765815
624102
99335
522306
517921
100263
19674
963598
824946
822869
703166
603633
336909
100263
511985
48789
481825
249014
26224
612405
3820
191799
740751
593864
730978
987815
774930
11410
573948
873817
143425
642102
241573
871890
668145
62561
386946
280613
835171
689505
468261
306805
137253
756804
710765
81848
887880
991624
780903
334529
81848
961656
423634
481825
286238
644543
546322
96829
133961
758276
768917
274957
24841
241410
793753
172123
913064
793753
644543
341335
837927
740751
776215
261112
326969
631382
703067
850841
478942
121584
287967
449054
178342
192346
728296
250162
136954
640509
276070
874833
266107
439454
953435
745371
40574
131807
15296
786862
224885
507831
522306
900344
938767
745371
863114
415706
193399
801972
194069
801972
485786
510378
640900
786862
730370
892859
465871
608418
914989
774887
814339
660918
249014
338033
88273
798919
982225
143425
928309
209235
863114
517944
62561
860196
302859
692277
261567
568796
686472
753156
821919
548593
329149
661987
752968
753274
266107
42052
740751
757570
114263
199954
136833
200111
909952
525388
281512
166922
827773
813102
77681
308084
509295
772805
281512
837629
895228
594954
913622
580527
109696
20003
918205
336909
154655
154655
68148
918278
449695
126502
559393
632095
863775
906427
624102
147936
955290
961768
139858
143425
909380
761342
499321
79318
612405
373138
114624
96495
639273
345213
84102
609513
518295
248847
219372
950633
613353
166922
717049
769109
443762
585694
661951
390519
140268
703166
283846
310776
38572
993855
478942
940815
200111
609513
356377
963598
222622
765281
8280
361364
758974
19674
483199
149036
910362
96495
776215
456663
543345
613353
302553
804719
7564
989207
942960
450134
555207
591515
821919
517944
460932
727904
241164
901057
929683
14773
149036
691405
154655
147936
336054
116185
928955
730771
771933
247898
493416
32840
27404
776130
58039
95000
419287
787191
421343
150610
167159
478942
525166
892859
300062
962937
464423
161711
585259
733447
574688
74259
597677
529773
694017
268058
774514
478775
120041
522306
68267
160256
890228
897695
890420
474121
758276
501939
862171
512788
485786
147469
162741
652710
911479
864845
196248
356130
871841
146228
594721
58129
331210
280613
750170
972220
650170
984039
8355
773180
268058
48507
919138
772256
642102
577157
241164
890228
963527
848689
996865
33254
181682
792868
182387
863135
4828
579212
235904
732468
787191
261112
942207
287967
27404
210933
481825
863775
224885
300062
298140
730492
688296
639273
191286
670563
2238
612286
11233
770046
641246
739490
323326
285843
361464
342044
962467
265886
485557
267023
184839
197884
249014
169910
74259
430696
124544
612286
713709
209506
264320
906598
141203
743686
530429
929803
495957
112680
361364
957594
203380
85544
664384
736530
769109
242492
902487
664104
499321
757570
468427
266356
970686
588665
853809
136833
612405
865151
375498
377264
189130
345213
342893
956637
70939
639273
509295
674395
743686
495498
540908
96343
140834
242492
717049
4964
546916
608418
637318
712190
999038
256470
8280
961656
711324
827983
405465
621525
961768
299771
675628
191799
517944
49192
942918
204494
285558
306805
544954
694017
927811
585694
690558
90037
7348
212
38572
222378
484167
257589
908710
290610
186983
713983
207876
603633
112827
606130
691483
784498
997510
246932
426099
80235
734161
136599
358096
305917
84102
765197
93406
886206
419445
430760
913622
570282
998150
745750
858515
631382
957594
419445
798410
637318
548134
101186
972220
459183
885299
131807
248847
80289
598730
361524
90037
476526
456663
509619
115965
96829
608453
687029
716923
462413
974519
284255
880739
222378
210237
661987
947494
566982
646578
458799
925722
966807
752968
887292
546322
866794
588349
280613
955687
345219
970554
35671
209506
322682
132796
300062
913370
278767
812041
24841
270373
397119
4964
253452
367939
309846
269038
275994
863028
904348
267208
579785
68148
629408
669033
563318
834748
789330
190574
182545
730319
464343
756804
322682
585694
865992
873681
77691
189130
405665
522730
403250
37370
322682
145854
743686
274957
770046
1
688296
275994
440200
121584
807167
516076
687937
733032
548593
167159
873681
37370
594404
382215
99335
831924
304928
696534
939974
798919
987815
388757
764110
290912
857085
379840
275994
439563
33254
486776
838525
278767
267208
755976
21264
739628
942960
5629
754068
738558
773180
703166
123178
95807
830856
928611
13498
323326
255230
40574
827485
296461
490772
553788
560118
529
710478
849269
357228
913975
217052
686472
386946
279777
390519
205315
526733
540647
974810
428698
259865
190961
526362
183229
955610
793753
196248
250162
223314
951608
321690
336054
664957
916540
106770
187820
854742
530840
777422
193623
302859
585694
660730
622982
48062
249014
136954
564436
913622
459046
144043
338033
577200
91285
514365
435236
716923
794727
294879
650564
481672
446349
838085
269038
774887
309406
599272
227275
449054
133961
170385
523597
335374
286278
165823
271656
144285
758974
320684
605122
939974
490797
6464
35671
853052
807167
643292
813102
299771
383643
659399
4964
95525
711660
609513
916540
892318
979495
739490
587821
464460
677816
890228
415706
979495
740066
75815
232362
546744
257393
243434
699369
755976
486328
528699
506240
162741
458799
524241
872884
224126
972220
632048
135596
80235
865992
927373
824142
792606
880174
768917
732264
523705
379720
362610
553788
612932
917480
85191
223314
252318
286768
357076
866794
311084
692644
665900
66875
213761
910528
594721
341335
998698
739803
942918
223161
594954
440200
21992
356377
873817
685562
949632
593972
814730
963441
661676
981104
711459
178342
763025
232362
500294
344247
850841
778377
329149
434262
287191
182545
758974
593972
929290
77691
567924
404077
700226
299771
402894
721987
308439
378354
761342
750523
758276
220640
140268
265188
75815
977185
804862
268978
851767
698942
923086
67769
543345
351794
249347
973184
222064
95807
853809
769109
713709
356130
338033
479638
168032
392560
916060
392173
147322
510378
822478
711777
684812
276070
107292
196054
914838
461531
247898
739790
702009
488200
610847
542684
934895
143504
85191
997510
383775
686367
858442
786862
434262
681812
570360
283667
419287
485786
864302
132796
715475
464460
326969
986202
426099
106768
912633
11410
475853
134756
650935
125389
776130
776130
190474
421120
937872
831404
423634
819348
12283
970088
449197
163486
998698
712605
259619
639742
957594
571890
674395
308084
104821
336771
594721
453907
553788
100572
511985
123178
402894
102247
383931
866918
190243
903369
241164
656476
752968
838815
838815
756855
632625
962271
474948
775492
68267
38847
982225
732267
350799
482156
528650
484167
435881
369323
281512
59713
511985
402720
89415
677816
925890
472444
740762
62561
64040
336183
774930
414121
88899
174636
340959
944326
757884
223314
730978
310289
872884
235352
733880
904785
862171
180111
166922
284255
491606
365431
383542
864931
308439
181618
415706
268554
792868
548593
368091
950633
259865
571890
864302
801671
406708
432425
398712
500807
73962
884340
913048
622173
70401
253452
643292
778377
947742
498537
259865
155445
190243
91064
250086
404149
278832
515155
406212
964884
8280
572450
306940
400186
559393
979136
189492
340781
8355
456631
560118
974085
123178
759324
910528
766004
991624
796452
309597
699369
509295
478117
198404
84102
279777
930113
184692
740254
308439
691405
885554
679950
664384
456663
559393
496452
120842
464343
433450
439454
724284
351607
877807
833802
228157
287967
428239
490797
347061
88899
32840
664519
3820
435236
241124
101186
776474
794641
926070
4964
126370
694854
679950
307647
97525
786862
863775
54298
373138
464343
419287
691755
765607
906427
264320
619654
77681
884340
109696
971067
861484
218313
123178
414806
481825
864457
957783
243434
92337
406117
728296
485557
329149
97525
422301
81373
336771
503236
912633
598730
713907
793753
120842
256774
824946
443762
89415
394772
756765
914443
510378
887880
724284
964884
98040
958665
70059
339055
74229
280911
270373
261521
549299
214712
726808
560328
954945
90037
612405
137581
814385
850793
694017
523563
463803
261521
283418
100553
222708
610903
498537
48789
84102
593972
850793
857085
165193
933426
160425
394772
493195
509295
755976
14598
423634
74425
538983
751731
684812
615625
167966
484167
334529
402680
974519
382716
302312
9613
944326
266576
276448
177978
461531
73962
928955
187820
711324
787327
911479
250227
65723
707321
926070
624238
144043
478199
525032
904348
496338
91685
853215
925540
881097
199982
50392
730319
276387
85191
514365
13132
690197
995058
841930
687029
784498
284128
736530
237543
671504
226117
628971
611535
836103
25328
486328
287395
83470
428239
594330
764204
846853
715839
93063
711777
179364
994576
922081
527266
407288
26433
561396
724284
669529
830720
310776
499321
508084
286768
458308
144517
130699
493166
133961
28203
323326
824142
253452
314127
350510
739628
340959
116875
787191
632048
854701
704386
83961
974519
897695
661676
90037
608418
12191
29840
421977
407738
26470
478775
518954
351607
302113
242349
278411
683475
225887
963441
384180
50392
108960
192919
961656
772256
29899
991389
81373
764393
751732
745371
961768
865450
124544
190474
526362
420368
837927
496452
320925
940815
222621
960910
150610
996505
568796
498537
422004
504174
356130
53416
998698
288851
711459
853052
561991
496338
661198
728948
662099
91462
172123
99524
76773
399267
295990
100572
956468
905400
549781
329149
40574
5629
678658
354568
420081
435236
942918
499321
923910
953435
140268
835648
593142
73962
318224
373138
871841
714193
758974
425271
125389
742024
357887
601254
641246
18189
347714
548593
95807
405465
863028
986274
448687
260092
728314
732267
205315
488789
711324
239773
249108
968288
189492
284957
971468
551393
780446
509724
161155
161627
2288
913622
523597
882020
482454
642102
100878
724284
990409
732264
704386
222073
3820
828904
543674
123194
866445
769109
384881
276448
126370
792393
70059
837866
14719
458799
257589
970490
488200
22879
345213
95525
846144
568796
1298
705588
160758
241017
490797
230389
644855
207876
421120
199741
48507
974810
976350
366118
207717
702009
207020
82894
187820
70134
458086
925722
468427
744799
113501
674395
992160
398429
890420
919138
779383
256243
881788
412550
59713
546744
215521
184692
84102
280139
506657
339055
362610
449440
598029
160758
837866
536460
866918
383555
471386
767718
126295
344112
994032
704386
753274
200111
305917
857010
14893
341335
193623
992974
33641
865992
207172
659387
457191
175391
89227
918278
455073
60250
632095
369323
656476
866445
268554
585694
99340
559396
472074
332549
35671
899382
278411
572450
383643
356070
851767
163757
665900
296545
141329
863028
908501
86033
379263
995390
620401
763866
763025
142244
440200
14773
970088
407288
678205
876866
241410
901057
740751
113557
824946
942918
69978
646578
192919
64040
641361
656968
228157
170136
628308
330912
507233
998928
809283
866918
27404
735038
46477
989207
390843
126827
950067
250086
526402
794727
15875
844781
250086
925540
547311
431300
234465
181856
509724
277364
717049
544954
180111
223314
690558
501994
689505
516904
22879
996505
59249
485557
445567
529354
279777
493195
941279
784555
883517
923910
598456
283846
926070
528650
464460
886626
939303
132738
531478
440973
290610
740751
168032
610847
592553
14893
411462
189309
862171
7348
563127
267208
108960
588665
727904
880739
717049
795334
308995
794499
791075
591739
499085
606485
568896
941513
205296
728314
501895
540647
354568
199741
308456
116541
155445
261567
925890
524379
657828
123194
420493
357076
280139
59249
2238
134060
205713
5629
440973
629086
767448
355854
957591
515445
620401
58647
143425
455073
628070
514365
228157
141329
661473
972723
310776
241546
345213
742009
751854
308995
202408
636990
939176
593142
238541
720442
101186
14773
704386
305054
844012
10291
767448
619654
191799
811569
686472
850382
850382
650935
884596
995058
101854
585100
553558
269291
861297
259288
48198
999531
927034
774930
998150
259865
100553
230389
243434
669033
197879
866794
468964
960765
79318
736454
109257
453193
243434
692277
551393
826869
888992
616990
839436
604002
219372
808972
420067
220640
7564
241410
322709
121100
910502
630889
547311
187820
575010
414806
949035
224126
383698
918020
948599
775464
765452
628654
699760
460932
739490
970686
12191
674836
241573
181682
302859
700226
915066
568897
499321
684253
839824
143504
361464
951608
397660
54298
642694
941513
965444
814385
728104
271656
846853
280139
611535
540647
757472
753274
321690
323339
965054
942207
71333
685186
454132
35671
544305
205364
169910
437391
946891
528222
665570
998014
196248
3820
669529
913370
169346
604952
669750
450272
397660
268992
165193
280139
91064
387378
203973
598360
339055
109516
194069
255617
863135
801972
866375
95525
711459
913622
212625
656649
945009
830856
239109
134090
72509
680939
428239
80623
942207
568897
20003
97525
921411
629936
586851
612932
426787
744419
641361
154655
241546
518622
324518
60771
124544
381504
711777
961146
531478
136599
839966
146272
744419
105269
764835
567924
742831
164682
793819
57939
850382
24841
677816
13132
235352
811569
707321
226060
268554
91462
904785
70939
544532
624353
543595
229347
8646
781097
374673
93406
979264
404451
773052
955476
86033
314672
734137
992974
889050
553788
813102
705588
398429
190243
242349
192138
839824
866375
422857
396722
928611
311807
791075
277901
930516
876167
468964
7133
348542
832972
82967
528699
930113
585819
455073
532712
257589
360530
518295
485772
382866
73489
498153
971952
726066
426534
550108
632590
2238
646578
873817
127451
639273
692428
687937
147530
668367
453193
999630
217013
678885
973184
650170
110436
736530
813474
860789
404077
636406
910513
896122
339055
542
995889
944215
153553
458086
958665
784358
566268
99340
48198
7348
107121
179364
516076
212820
607790
640113
478715
226818
365953
37136
356070
769057
817115
414121
354366
766004
575010
390215
217217
27404
619654
70134
798919
72509
566268
496479
287126
506657
590862
771933
134213
331714
113501
563862
914838
987323
547406
355206
6618
624353
120041
725949
730715
381849
420493
690558
585029
379840
591417
232063
634389
850382
143425
121100
525662
210647
612405
256470
776130
704386
478775
286599
928003
445251
760636
121584
913048
577200
299771
375498
126328
399286
850182
100172
32696
294879
259288
12283
905279
724977
118366
757472
474640
67036
190961
555207
373212
577200
661676
884340
861484
301457
580527
325376
705698
546916
369167
449707
130306
381867
141149
139858
302113
464343
21264
599272
634411
650055
508489
271656
728025
97393
738167
754694
306018
883099
383542
618573
858479
622672
141149
392173
197517
619819
723650
110247
265083
583754
866494
490797
37541
851954
769057
244312
880739
48597
357686
153869
893436
482454
476526
527186
412955
194668
499174
435881
526824
813102
92235
519049
949487
377264
170136
956468
195707
498537
280139
190243
714193
593972
366059
794499
320925
981104
886005
680939
641582
942960
454301
864981
109516
681607
390215
906428
250540
68163
338033
147991
643955
606485
994123
270370
821982
483072
326877
390215
165687
518552
549781
961656
956600
951608
304424
924117
507633
613150
89014
419287
489949
320684
481743
894554
203536
351607
516318
833102
136828
116541
271209
64752
77691
784498
497320
343243
310446
345213
727804
775464
35016
51734
728104
397432
37279
724893
8487
853052
786862
250540
192919
680790
777310
59063
686367
654413
30743
787947
594721
996229
247898
196457
628654
144043
270370
896333
668145
875344
961655
628308
396722
476871
149529
7133
630071
860024
285087
105269
629549
155179
82967
660660
876167
824825
402894
562864
89227
996415
194073
173356
115965
853809
143374
500804
757472
606443
850577
312847
620484
553384
953109
147422
220640
162993
464460
366253
479638
625248
863093
35671
994088
48789
455601
241172
14773
728948
994123
134213
383053
34686
896064
85601
160425
107756
604952
156379
336717
995332
787191
688474
684328
968544
355656
207020
613150
266576
712660
883687
802150
918749
924526
965444
366118
114577
598029
158720
448105
128135
763848
463093
269715
97525
502277
373212
890420
670563
910152
854701
12312
336717
243434
47165
196457
595229
88899
19248
349346
774929
699258
721438
657865
732468
241908
925890
955687
447229
886257
851505
387378
88868
949165
68454
99789
461325
730871
792606
37541
19248
857930
532712
81976
867987
210492
619973
605066
814730
705698
307987
409833
58129
939610
979264
241017
131593
699385
629936
206395
87526
917480
383643
997093
822869
757472
850182
433363
995058
278411
574788
544316
13498
922153
478422
538943
32840
646425
922081
857930
235683
610538
535237
793635
765281
955290
398817
398817
596850
415706
414121
879976
531134
32696
228981
310289
788508
230016
449707
197517
28203
691480
58220
109696
185876
838525
278411
100553
529773
570282
927811
756007
953060
304424
577157
772256
960765
6836
202408
22056
469464
526362
342044
511260
814385
136599
382412
379720
261521
776130
972930
733032
521864
192346
497067
772559
715475
691755
183063
114358
559393
432425
157396
445091
144043
370131
581733
357887
331714
511985
971844
58548
837802
835171
88899
528305
900597
965054
224126
336905
646262
646425
154535
726843
428698
456155
640509
993334
560328
615625
379262
547150
930557
268992
699385
605066
522306
981104
642409
94745
620588
478228
331714
175321
811735
522306
575233
910528
392173
561991
618428
737569
464460
49442
204713
266356
795334
489789
144517
214712
191799
217013
427796
791075
621525
476014
945009
7348
21631
923855
570282
958221
954528
814339
783425
240623
787327
249108
137236
331714
549781
101186
155713
14893
980972
878351
692428
162993
963527
439563
357228
423634
512233
238686
258290
45005
982383
843885
548130
711459
91462
766170
789956
71333
243702
699369
74118
894554
865992
605122
267023
357937
35016
498153
159980
882130
872742
787947
764835
42991
662099
356070
147530
717495
491606
784081
332499
288851
865450
860811
588665
7133
851945
389684
640900
603751
844781
284957
903369
923910
68148
900571
871876
14260
397660
773204
661951
489949
690558
784081
938761
942960
427796
77691
136913
868018
223683
96168
426099
779348
718812
740066
594330
945105
75887
921411
693808
675867
210492
714637
96346
672293
369323
882130
590862
714193
564420
607790
580377
656734
275794
872742
608395
474640
421830
190293
123178
332746
297337
661987
728279
318178
371409
445567
885554
738167
357076
246315
860841
474640
341335
476014
283853
297437
439563
726066
979264
562864
462386
414121
384314
441145
132796
6708
81097
826353
62672
995390
367563
527266
106732
732267
525462
912986
445567
187579
624943
222508
181856
458722
669750
836103
756007
550310
790922
931304
544305
536087
493166
775492
302924
137581
596850
625248
735038
451606
914838
411445
713528
944215
941695
908046
945009
858715
144436
711622
190369
635472
74635
687029
987815
96168
164834
476526
144517
680398
307673
247898
857930
925812
998150
244232
634113
970403
482076
445251
357887
146241
740918
302032
705588
670563
713709
253482
114358
207936
687634
750347
701429
765197
42746
68163
634303
913694
441145
92235
315564
416953
441643
524379
480802
926070
106732
90736
77146
964829
509295
589778
737127
888992
525089
782011
703590
532712
138120
848074
662116
650556
131807
207050
155713
554049
528305
730978
664519
334079
990541
402956
512889
799729
874137
59763
861739
993413
57939
941279
107017
335235
399267
863028
384788
161627
973184
996989
271656
669529
485017
628070
190243
222622
709144
116185
284255
833939
471175
59349
577765
123800
357465
7564
241421
259288
748143
571890
383775
745952
844012
550711
767007
30060
653854
867964
308995
231066
542928
694259
990447
868018
63787
700580
634429
920725
230052
863847
241124
731072
86122
996865
593864
650564
910528
983606
539155
924622
913064
519049
580986
458086
699511
415544
45187
369323
777310
212625
223683
218935
654462
668021
308439
765197
189130
422301
31300
159786
956514
407738
405665
304928
612296
41464
948599
733518
705588
646262
719805
645450
436142
323326
516904
990541
914845
914092
773052
179794
820129
885041
912633
230016
668942
505027
436021
221283
605964
960897
762680
549299
783615
484438
743512
757225
918224
685171
162993
432478
179896
678555
27143
740918
426099
186558
193300
965186
539155
732377
48008
295990
312392
239151
384867
86122
420368
699511
465871
863093
587021
88273
995685
426668
241546
630294
661676
658576
42052
684263
839824
654462
315564
381849
546916
285005
964277
838085
835648
875935
165823
919988
574443
296545
621847
796452
750347
83961
210492
495867
635124
326877
73640
446436
881097
858515
998871
394772
506693