1
126370
568849
126370
1
126370
126370
568849
692428
568849
568849
596023
874833
874833
874833
596023
596023
596023
1
863722
996865
622173
692428
411445
126370
112827
863722
721768
692428
721768
347309
544305
527186
563318
1
126370
692428
976350
568849
871841
112827
825147
874833
622173
196248
271656
126370
347309
606130
874833
271656
544305
112827
721768
863722
596023
153137
245243
825147
112827
622173
196248
159786
347309
622173
58220
468427
563318
271656
606130
547236
242492
20590
544305
892162
154655
242492
825147
501895
996865
938767
996865
271656
373138
753334
276598
371880
837629
972220
652710
622173
96343
294879
989207
194069
42955
972220
249014
860811
809688
753274
20590
159786
16042
871841
976350
721768
1
838525
715475
249014
825147
112827
493416
871841
721768
596023
126370
887292
347309
96343
892162
636406
194069
373138
753334
16042
606130
976350
222378
42955
411445
126370
300062
745371
486328
91285
1
222708
60250
42955
468427
153137
203380
153137
68267
154655
812041
591515
346985
338033
546322
659399
336054
154655
427796
838525
468964
427796
563318
679950
913370
892162
300062
222378
468964
257589
288845
346985
622173
459037
677816
659399
400832
165687
910032
300062
294879
483199
371880
825147
620401
303988
609460
993855
825147
483199
299771
679950
873817
48062
165687
501895
93063
356130
346985
544305
974810
196248
837214
303988
250227
223314
483199
371880
606130
652710
419287
461531
938767
620401
304254
499574
547236
20590
210933
38572
155445
606130
249014
443762
850841
58220
547406
294879
692428
222708
609460
347309
610112
609460
321690
255230
610874
537041
606130
41464
459037
343243
430696
483199
808972
858515
715475
568849
193399
863847
652710
913370
42052
227275
976350
563318
336909
85544
283418
303988
976350
730978
863722
371880
543345
568849
964277
393607
588665
813102
58220
16042
486328
159786
48062
393607
419287
837214
18189
411445
60250
612405
286438
181618
119012
26433
858515
568849
686472
303988
980931
910362
310776
197879
686472
730978
227275
493416
60250
482324
245243
120041
996865
155128
96495
304254
170385
692428
193399
699369
659399
540647
499574
677816
753334
193399
249014
42052
210933
288845
563318
468427
716923
176314
859674
58220
357228
906598
874833
461531
547406
486328
975878
263467
776474
261567
973069
85544
290610
863847
265083
964277
730978
14773
167159
340781
13498
563318
947742
488789
786862
70134
187579
377264
10778
379840
691405
887292
276598
183229
763866
20590
400832
343243
170385
609460
18189
622982
780903
813102
603633
222708
809688
303988
141329
170385
776215
196248
538237
415544
261567
639273
778481
543345
321690
585694
41464
209654
222708
286438
343243
183229
300062
335374
255230
596023
721768
154655
111061
136833
568849
910362
592553
397660
864931
866918
459037
751731
699258
212
730319
745371
42052
906598
111061
824946
257589
756804
501895
268978
126370
10291
60250
285843
652710
669548
400832
207520
974810
450056
871841
692277
377264
715475
458308
887292
96346
702009
492076
960765
716923
450134
306805
547406
299048
40574
450134
379263
890420
677816
283418
345213
851767
299771
131807
759324
159786
4964
299048
286438
824946
223314
492076
20590
212625
298140
585259
680957
96495
286238
419287
641361
859674
763866
642102
54252
976350
290610
637715
882020
699258
882020
706730
560809
674395
292101
887292
774930
338033
605122
209654
256774
836103
765197
942960
119012
507633
660730
863028
54252
433450
692428
606130
14773
942960
711777
298140
753156
858515
479638
973069
659399
42955
426821
292101
320684
371409
323339
113501
40574
511985
637318
191799
635472
603633
10291
624102
284255
354568
674395
16042
68267
54252
732377
769057
131807
925540
126370
732468
259865
890228
774887
450056
397119
461531
594721
227275
433450
908710
354568
863722
222378
336054
371409
641361
499574
717049
507233
238480
426821
637715
273534
338033
928309
609460
908710
169910
433479
257589
824142
507831
304254
777557
882020
58220
286339
976350
622173
356130
975878
261521
540647
7348
910362
261521
808972
14875
91285
871890
415544
85544
426787
669548
910362
730319
913622
854742
691528
610874
217705
706730
265083
346998
633866
468964
53161
248847
947742
660660
266107
350510
80289
838525
546916
490772
871841
646693
257589
624102
566982
2238
38572
303988
492076
194069
354568
374592
53161
109696
679334
13498
210933
112827
538237
890420
522730
765197
1
472074
126370
828904
187579
482324
962937
96346
712660
858515
591515
155445
48789
910032
863135
222378
819348
828904
48507
900597
730871
528222
925540
228981
196248
386946
336054
620401
889699
203380
756804
909952
831404
917480
910362
537041
310776
238480
16042
197879
276070
290610
871841
909952
132796
563318
77691
778481
426787
94745
187579
255230
637715
547406
111061
754068
165687
637318
620401
136833
357937
608864
474121
679334
889699
873817
326969
261112
559393
397660
860841
58647
972220
864931
223161
212
544305
197879
224885
564420
131807
303988
237100
713709
468325
804862
194069
484167
271656
909952
572450
592553
323339
309729
964277
560809
811735
283418
963527
214712
774887
947742
102388
684812
68267
343243
756765
668145
330776
660660
308995
559393
484167
716375
710765
564420
155128
335374
809688
980878
679950
187579
258432
522730
475680
54252
948435
276598
724495
294879
706730
769057
34382
485414
397119
637318
133961
357937
957594
146228
40574
19674
669529
267208
708668
141203
664384
838525
382215
266107
214712
566982
792606
35192
426821
757884
727804
320114
54252
286339
196457
703967
210933
482324
639273
518795
860841
650765
54252
463093
286438
863775
465871
540908
158536
154655
149036
677816
754068
379263
539217
990061
228981
566982
700226
49223
14773
139858
765815
159786
132738
765197
227275
751731
14875
290610
860841
450056
400832
769057
703967
273534
711622
743686
212
386946
950633
991624
283846
210933
577200
472444
847890
27404
361464
780075
26224
547406
273534
150610
610112
286599
215521
548593
811735
468261
890420
283418
7564
450134
860196
996865
7348
490425
49223
622173
10291
265886
468325
448687
982383
266107
250227
574788
340781
575554
866918
659399
591515
929683
214712
643292
415544
209235
980931
261521
99340
379263
443762
266107
373883
641361
93063
990061
320114
787191
468325
81848
65737
96343
509295
703166
674836
243019
381849
753156
761342
228981
765815
631382
650935
990835
703166
609460
87526
111061
53161
787327
405068
299379
283418
855217
765197
954659
892859
263467
461531
517921
871841
346998
434895
99340
633866
15296
703967
186985
10291
708681
917480
575554
793753
411445
739490
723658
381849
863028
661951
474948
161711
966807
603633
917233
690558
753156
811735
58647
119012
703067
918278
922081
689505
775464
59349
464460
449054
826559
261567
125389
54252
459037
320114
53161
193399
789330
774887
275994
703166
728104
708668
261112
610847
955290
478942
411664
247188
548593
40574
421599
225887
851767
642102
96829
490772
356377
708060
739628
730531
712660
928182
897695
299771
857010
373883
914434
93573
730531
909380
962467
866918
332549
26433
713709
955290
580377
53161
572450
910362
715475
336909
885554
341335
306805
488789
887292
661951
919382
865151
776130
752968
379263
121584
160425
765815
624102
99335
522306
517921
100263
19674
963598
824946
822869
703166
603633
336909
100263
511985
48789
481825
249014
26224
612405
3820
191799
740751
593864
730978
987815
774930
11410
573948
873817
143425
642102
241573
871890
668145
62561
386946
280613
835171
689505
468261
306805
137253
756804
710765
81848
887880
991624
780903
334529
81848
961656
423634
481825
286238
644543
546322
96829
133961
758276
768917
274957
24841
241410
793753
172123
913064
793753
644543
341335
837927
740751
776215
261112
326969
631382
703067
850841
478942
121584
287967
449054
178342
192346
728296
250162
136954
640509
276070
874833
266107
439454
953435
745371
40574
131807
15296
786862
224885
507831
522306
900344
938767
745371
863114
415706
193399
801972
194069
801972
485786
510378
640900
786862
730370
892859
465871
608418
914989
774887
814339
660918
249014
338033
88273
798919
982225
143425
928309
209235
863114
517944
62561
860196
302859
692277
261567
568796
686472
753156
821919
548593
329149
661987
752968
753274
266107
42052
740751
757570
114263
199954
136833
200111
909952
525388
281512
166922
827773
813102
77681
308084
509295
772805
281512
837629
895228
594954
913622
580527
109696
20003
918205
336909
154655
154655
68148
918278
449695
126502
559393
632095
863775
906427
624102
147936
955290
961768
139858
143425
909380
761342
499321
79318
612405
373138
114624
96495
639273
345213
84102
609513
518295
248847
219372
950633
613353
166922
717049
769109
443762
585694
661951
390519
140268
703166
283846
310776
38572
993855
478942
940815
200111
609513
356377
963598
222622
765281
8280
361364
758974
19674
483199
149036
910362
96495
776215
456663
543345
613353
302553
804719
7564
989207
942960
450134
555207
591515
821919
517944
460932
727904
241164
901057
929683
14773
149036
691405
154655
147936
336054
116185
928955
730771
771933
247898
493416
32840
27404
776130
58039
95000
419287
787191
421343
150610
167159
478942
525166
892859
300062
962937
464423
161711
585259
733447
574688
74259
597677
529773
694017
268058
774514
478775
120041
522306
68267
160256
890228
897695
890420
474121
758276
501939
862171
512788
485786
147469
162741
652710
911479
864845
196248
356130
871841
146228
594721
58129
331210
280613
750170
972220
650170
984039
8355
773180
268058
48507
919138
772256
642102
577157
241164
890228
963527
848689
996865
33254
181682
792868
182387
863135
4828
579212
235904
732468
787191
261112
942207
287967
27404
210933
481825
863775
224885
300062
298140
730492
688296
639273
191286
670563
2238
612286
11233
770046
641246
739490
323326
285843
361464
342044
962467
265886
485557
267023
184839
197884
249014
169910
74259
430696
124544
612286
713709
209506
264320
906598
141203
743686
530429
929803
495957
112680
361364
957594
203380
85544
664384
736530
769109
242492
902487
664104
499321
757570
468427
266356
970686
588665
853809
136833
612405
865151
375498
377264
189130
345213
342893
956637
70939
639273
509295
674395
743686
495498
540908
96343
140834
242492
717049
4964
546916
608418
637318
712190
999038
256470
8280
961656
711324
827983
405465
621525
961768
299771
675628
191799
517944
49192
942918
204494
285558
306805
544954
694017
927811
585694
690558
90037
7348
212
38572
222378
484167
257589
908710
290610
186983
713983
207876
603633
112827
606130
691483
784498
997510
246932
426099
80235
734161
136599
358096
305917
84102
765197
93406
886206
419445
430760
913622
570282
998150
745750
858515
631382
957594
419445
798410
637318
548134
101186
972220
459183
885299
131807
248847
80289
598730
361524
90037
476526
456663
509619
115965
96829
608453
687029
716923
462413
974519
284255
880739
222378
210237
661987
947494
566982
646578
458799
925722
966807
752968
887292
546322
866794
588349
280613
955687
345219
970554
35671
209506
322682
132796
300062
913370
278767
812041
24841
270373
397119
4964
253452
367939
309846
269038
275994
863028
904348
267208
579785
68148
629408
669033
563318
834748
789330
190574
182545
730319
464343
756804
322682
585694
865992
873681
77691
189130
405665
522730
403250
37370
322682
145854
743686
274957
770046
1
688296
275994
440200
121584
807167
516076
687937
733032
548593
167159
873681
37370
594404
382215
99335
831924
304928
696534
939974
798919
987815
388757
764110
290912
857085
379840
275994
439563
33254
486776
838525
278767
267208
755976
21264
739628
942960
5629
754068
738558
773180
703166
123178
95807
830856
928611
13498
323326
255230
40574
827485
296461
490772
553788
560118
529
710478
849269
357228
913975
217052
686472
386946
279777
390519
205315
526733
540647
974810
428698
259865
190961
526362
183229
955610
793753
196248
250162
223314
951608
321690
336054
664957
916540
106770
187820
854742
530840
777422
193623
302859
585694
660730
622982
48062
249014
136954
564436
913622
459046
144043
338033
577200
91285
514365
435236
716923
794727
294879
650564
481672
446349
838085
269038
774887
309406
599272
227275
449054
133961
170385
523597
335374
286278
165823
271656
144285
758974
320684
605122
939974
490797
6464
35671
853052
807167
643292
813102
299771
383643
659399
4964
95525
711660
609513
916540
892318
979495
739490
587821
464460
677816
890228
415706
979495
740066
75815
232362
546744
257393
243434
699369
755976
486328
528699
506240
162741
458799
524241
872884
224126
972220
632048
135596
80235
865992
927373
824142
792606
880174
768917
732264
523705
379720
362610
553788
612932
917480
85191
223314
252318
286768
357076
866794
311084
692644
665900
66875
213761
910528
594721
341335
998698
739803
942918
223161
594954
440200
21992
356377
873817
685562
949632
593972
814730
963441
661676
981104
711459
178342
763025
232362
500294
344247
850841
778377
329149
434262
287191
182545
758974
593972
929290
77691
567924
404077
700226
299771
402894
721987
308439
378354
761342
750523
758276
220640
140268
265188
75815
977185
804862
268978
851767
698942
923086
67769
543345
351794
249347
973184
222064
95807
853809
769109
713709
356130
338033
479638
168032
392560
916060
392173
147322
510378
822478
711777
684812
276070
107292
196054
914838
461531
247898
739790
702009
488200
610847
542684
934895
143504
85191
997510
383775
686367
858442
786862
434262
681812
570360
283667
419287
485786
864302
132796
715475
464460
326969
986202
426099
106768
912633
11410
475853
134756
650935
125389
776130
776130
190474
421120
937872
831404
423634
819348
12283
970088
449197
163486
998698
712605
259619
639742
957594
571890
674395
308084
104821
336771
594721
453907
553788
100572
511985
123178
402894
102247
383931
866918
190243
903369
241164
656476
752968
838815
838815
756855
632625
962271
474948
775492
68267
38847
982225
732267
350799
482156
528650
484167
435881
369323
281512
59713
511985
402720
89415
677816
925890
472444
740762
62561
64040
336183
774930
414121
88899
174636
340959
944326
757884
223314
730978
310289
872884
235352
733880
904785
862171
180111
166922
284255
491606
365431
383542
864931
308439
181618
415706
268554
792868
548593
368091
950633
259865
571890
864302
801671
406708
432425
398712
500807
73962
884340
913048
622173
70401
253452
643292
778377
947742
498537
259865
155445
190243
91064
250086
404149
278832
515155
406212
964884
8280
572450
306940
400186
559393
979136
189492
340781
8355
456631
560118
974085
123178
759324
910528
766004
991624
796452
309597
699369
509295
478117
198404
84102
279777
930113
184692
740254
308439
691405
885554
679950
664384
456663
559393
496452
120842
464343
433450
439454
724284
351607
877807
833802
228157
287967
428239
490797
347061
88899
32840
664519
3820
435236
241124
101186
776474
794641
926070
4964
126370
694854
679950
307647
97525
786862
863775
54298
373138
464343
419287
691755
765607
906427
264320
619654
77681
884340
109696
971067
861484
218313
123178
414806
481825
864457
957783
243434
92337
406117
728296
485557
329149
97525
422301
81373
336771
503236
912633
598730
713907
793753
120842
256774
824946
443762
89415
394772
756765
914443
510378
887880
724284
964884
98040
958665
70059
339055
74229
280911
270373
261521
549299
214712
726808
560328
954945
90037
612405
137581
814385
850793
694017
523563
463803
261521
283418
100553
222708
610903
498537
48789
84102
593972
850793
857085
165193
933426
160425
394772
493195
509295
755976
14598
423634
74425
538983
751731
684812
615625
167966
484167
334529
402680
974519
382716
302312
9613
944326
266576
276448
177978
461531
73962
928955
187820
711324
787327
911479
250227
65723
707321
926070
624238
144043
478199
525032
904348
496338
91685
853215
925540
881097
199982
50392
730319
276387
85191
514365
13132
690197
995058
841930
687029
784498
284128
736530
237543
671504
226117
628971
611535
836103
25328
486328
287395
83470
428239
594330
764204
846853
715839
93063
711777
179364
994576
922081
527266
407288
26433
561396
724284
669529
830720
310776
499321
508084
286768
458308
144517
130699
493166
133961
28203
323326
824142
253452
314127
350510
739628
340959
116875
787191
632048
854701
704386
83961
974519
897695
661676
90037
608418
12191
29840
421977
407738
26470
478775
518954
351607
302113
242349
278411
683475
225887
963441
384180
50392
108960
192919
961656
772256
29899
991389
81373
764393
751732
745371
961768
865450
124544
190474
526362
420368
837927
496452
320925
940815
222621
960910
150610
996505
568796
498537
422004
504174
356130
53416
998698
288851
711459
853052
561991
496338
661198
728948
662099
91462
172123
99524
76773
399267
295990
100572
956468
905400
549781
329149
40574
5629
678658
354568
420081
435236
942918
499321
923910
953435
140268
835648
593142
73962
318224
373138
871841
714193
758974
425271
125389
742024
357887
601254
641246
18189
347714
548593
95807
405465
863028
986274
448687
260092
728314
732267
205315
488789
711324
239773
249108
968288
189492
284957
971468
551393
780446
509724
161155
161627
2288
913622
523597
882020
482454
642102
100878
724284
990409
732264
704386
222073
3820
828904
543674
123194
866445
769109
384881
276448
126370
792393
70059
837866
14719
458799
257589
970490
488200
22879
345213
95525
846144
568796
1298
705588
160758
241017
490797
230389
644855
207876
421120
199741
48507
974810
976350
366118
207717
702009
207020
82894
187820
70134
458086
925722
468427
744799
113501
674395
992160
398429
890420
919138
779383
256243
881788
412550
59713
546744
215521
184692
84102
280139
506657
339055
362610
449440
598029
160758
837866
536460
866918
383555
471386
767718
126295
344112
994032
704386
753274
200111
305917
857010
14893
341335
193623
992974
33641
865992
207172
659387
457191
175391
89227
918278
455073
60250
632095
369323
656476
866445
268554
585694
99340
559396
472074
332549
35671
899382
278411
572450
383643
356070
851767
163757
665900
296545
141329
863028
908501
86033
379263
995390
620401
763866
763025
142244
440200
14773
970088
407288
678205
876866
241410
901057
740751
113557
824946
942918
69978
646578
192919
64040
641361
656968
228157
170136
628308
330912
507233
998928
809283
866918
27404
735038
46477
989207
390843
126827
950067
250086
526402
794727
15875
844781
250086
925540
547311
431300
234465
181856
509724
277364
717049
544954
180111
223314
690558
501994
689505
516904
22879
996505
59249
485557
445567
529354
279777
493195
941279
784555
883517
923910
598456
283846
926070
528650
464460
886626
939303
132738
531478
440973
290610
740751
168032
610847
592553
14893
411462
189309
862171
7348
563127
267208
108960
588665
727904
880739
717049
795334
308995
794499
791075
591739
499085
606485
568896
941513
205296
728314
501895
540647
354568
199741
308456
116541
155445
261567
925890
524379
657828
123194
420493
357076
280139
59249
2238
134060
205713
5629
440973
629086
767448
355854
957591
515445
620401
58647
143425
455073
628070
514365
228157
141329
661473
972723
310776
241546
345213
742009
751854
308995
202408
636990
939176
593142
238541
720442
101186
14773
704386
305054
844012
10291
767448
619654
191799
811569
686472
850382
850382
650935
884596
995058
101854
585100
553558
269291
861297
259288
48198
999531
927034
774930
998150
259865
100553
230389
243434
669033
197879
866794
468964
960765
79318
736454
109257
453193
243434
692277
551393
826869
888992
616990
839436
604002
219372
808972
420067
220640
7564
241410
322709
121100
910502
630889
547311
187820
575010
414806
949035
224126
383698
918020
948599
775464
765452
628654
699760
460932
739490
970686
12191
674836
241573
181682
302859
700226
915066
568897
499321
684253
839824
143504
361464
951608
397660
54298
642694
941513
965444
814385
728104
271656
846853
280139
611535
540647
757472
753274
321690
323339
965054
942207
71333
685186
454132
35671
544305
205364
169910
437391
946891
528222
665570
998014
196248
3820
669529
913370
169346
604952
669750
450272
397660
268992
165193
280139
91064
387378
203973
598360
339055
109516
194069
255617
863135
801972
866375
95525
711459
913622
212625
656649
945009
830856
239109
134090
72509
680939
428239
80623
942207
568897
20003
97525
921411
629936
586851
612932
426787
744419
641361
154655
241546
518622
324518
60771
124544
381504
711777
961146
531478
136599
839966
146272
744419
105269
764835
567924
742831
164682
793819
57939
850382
24841
677816
13132
235352
811569
707321
226060
268554
91462
904785
70939
544532
624353
543595
229347
8646
781097
374673
93406
979264
404451
773052
955476
86033
314672
734137
992974
889050
553788
813102
705588
398429
190243
242349
192138
839824
866375
422857
396722
928611
311807
791075
277901
930516
876167
468964
7133
348542
832972
82967
528699
930113
585819
455073
532712
257589
360530
518295
485772
382866
73489
498153
971952
726066
426534
550108
632590
2238
646578
873817
127451
639273
692428
687937
147530
668367
453193
999630
217013
678885
973184
650170
110436
736530
813474
860789
404077
636406
910513
896122
339055
542
995889
944215
153553
458086
958665
784358
566268
99340
48198
7348
107121
179364
516076
212820
607790
640113
478715
226818
365953
37136
356070
769057
817115
414121
354366
766004
575010
390215
217217
27404
619654
70134
798919
72509
566268
496479
287126
506657
590862
771933
134213
331714
113501
563862
914838
987323
547406
355206
6618
624353
120041
725949
730715
381849
420493
690558
585029
379840
591417
232063
634389
850382
143425
121100
525662
210647
612405
256470
776130
704386
478775
286599
928003
445251
760636
121584
913048
577200
299771
375498
126328
399286
850182
100172
32696
294879
259288
12283
905279
724977
118366
757472
474640
67036
190961
555207
373212
577200
661676
884340
861484
301457
580527
325376
705698
546916
369167
449707
130306
381867
141149
139858
302113
464343
21264
599272
634411
650055
508489
271656
728025
97393
738167
754694
306018
883099
383542
618573
858479
622672
141149
392173
197517
619819
723650
110247
265083
583754
866494
490797
37541
851954
769057
244312
880739
48597
357686
153869
893436
482454
476526
527186
412955
194668
499174
435881
526824
813102
92235
519049
949487
377264
170136
956468
195707
498537
280139
190243
714193
593972
366059
794499
320925
981104
886005
680939
641582
942960
454301
864981
109516
681607
390215
906428
250540
68163
338033
147991
643955
606485
994123
270370
821982
483072
326877
390215
165687
518552
549781
961656
956600
951608
304424
924117
507633
613150
89014
419287
489949
320684
481743
894554
203536
351607
516318
833102
136828
116541
271209
64752
77691
784498
497320
343243
310446
345213
727804
775464
35016
51734
728104
397432
37279
724893
8487
853052
786862
250540
192919
680790
777310
59063
686367
654413
30743
787947
594721
996229
247898
196457
628654
144043
270370
896333
668145
875344
961655
628308
396722
476871
149529
7133
630071
860024
285087
105269
629549
155179
82967
660660
876167
824825
402894
562864
89227
996415
194073
173356
115965
853809
143374
500804
757472
606443
850577
312847
620484
553384
953109
147422
220640
162993
464460
366253
479638
625248
863093
35671
994088
48789
455601
241172
14773
728948
994123
134213
383053
34686
896064
85601
160425
107756
604952
156379
336717
995332
787191
688474
684328
968544
355656
207020
613150
266576
712660
883687
802150
918749
924526
965444
366118
114577
598029
158720
448105
128135
763848
463093
269715
97525
502277
373212
890420
670563
910152
854701
12312
336717
243434
47165
196457
595229
88899
19248
349346
774929
699258
721438
657865
732468
241908
925890
955687
447229
886257
851505
387378
88868
949165
68454
99789
461325
730871
792606
37541
19248
857930
532712
81976
867987
210492
619973
605066
814730
705698
307987
409833
58129
939610
979264
241017
131593
699385
629936
206395
87526
917480
383643
997093
822869
757472
850182
433363
995058
278411
574788
544316
13498
922153
478422
538943
32840
646425
922081
857930
235683
610538
535237
793635
765281
955290
398817
398817
596850
415706
414121
879976
531134
32696
228981
310289
788508
230016
449707
197517
28203
691480
58220
109696
185876
838525
278411
100553
529773
570282
927811
756007
953060
304424
577157
772256
960765
6836
202408
22056
469464
526362
342044
511260
814385
136599
382412
379720
261521
776130
972930
733032
521864
192346
497067
772559
715475
691755
183063
114358
559393
432425
157396
445091
144043
370131
581733
357887
331714
511985
971844
58548
837802
835171
88899
528305
900597
965054
224126
336905
646262
646425
154535
726843
428698
456155
640509
993334
560328
615625
379262
547150
930557
268992
699385
605066
522306
981104
642409
94745
620588
478228
331714
175321
811735
522306
575233
910528
392173
561991
618428
737569
464460
49442
204713
266356
795334
489789
144517
214712
191799
217013
427796
791075
621525
476014
945009
7348
21631
923855
570282
958221
954528
814339
783425
240623
787327
249108
137236
331714
549781
101186
155713
14893
980972
878351
692428
162993
963527
439563
357228
423634
512233
238686
258290
45005
982383
843885
548130
711459
91462
766170
789956
71333
243702
699369
74118
894554
865992
605122
267023
357937
35016
498153
159980
882130
872742
787947
764835
42991
662099
356070
147530
717495
491606
784081
332499
288851
865450
860811
588665
7133
851945
389684
640900
603751
844781
284957
903369
923910
68148
900571
871876
14260
397660
773204
661951
489949
690558
784081
938761
942960
427796
77691
136913
868018
223683
96168
426099
779348
718812
740066
594330
945105
75887
921411
693808
675867
210492
714637
96346
672293
369323
882130
590862
714193
564420
607790
580377
656734
275794
872742
608395
474640
421830
190293
123178
332746
297337
661987
728279
318178
371409
445567
885554
738167
357076
246315
860841
474640
341335
476014
283853
297437
439563
726066
979264
562864
462386
414121
384314
441145
132796
6708
81097
826353
62672
995390
367563
527266
106732
732267
525462
912986
445567
187579
624943
222508
181856
458722
669750
836103
756007
550310
790922
931304
544305
536087
493166
775492
302924
137581
596850
625248
735038
451606
914838
411445
713528
944215
941695
908046
945009
858715
144436
711622
190369
635472
74635
687029
987815
96168
164834
476526
144517
680398
307673
247898
857930
925812
998150
244232
634113
970403
482076
445251
357887
146241
740918
302032
705588
670563
713709
253482
114358
207936
687634
750347
701429
765197
42746
68163
634303
913694
441145
92235
315564
416953
441643
524379
480802
926070
106732
90736
77146
964829
509295
589778
737127
888992
525089
782011
703590
532712
138120
848074
662116
650556
131807
207050
155713
554049
528305
730978
664519
334079
990541
402956
512889
799729
874137
59763
861739
993413
57939
941279
107017
335235
399267
863028
384788
161627
973184
996989
271656
669529
485017
628070
190243
222622
709144
116185
284255
833939
471175
59349
577765
123800
357465
7564
241421
259288
748143
571890
383775
745952
844012
550711
767007
30060
653854
867964
308995
231066
542928
694259
990447
868018
63787
700580
634429
920725
230052
863847
241124
731072
86122
996865
593864
650564
910528
983606
539155
924622
913064
519049
580986
458086
699511
415544
45187
369323
777310
212625
223683
218935
654462
668021
308439
765197
189130
422301
31300
159786
956514
407738
405665
304928
612296
41464
948599
733518
705588
646262
719805
645450
436142
323326
516904
990541
914845
914092
773052
179794
820129
885041
912633
230016
668942
505027
436021
221283
605964
960897
762680
549299
783615
484438
743512
757225
918224
685171
162993
432478
179896
678555
27143
740918
426099
186558
193300
965186
539155
732377
48008
295990
312392
239151
384867
86122
420368
699511
465871
863093
587021
88273
995685
426668
241546
630294
661676
658576
42052
684263
839824
654462
315564
381849
546916
285005
964277
838085
835648
875935
165823
919988
574443
296545
621847
796452
750347
83961
210492
495867
635124
326877
73640
446436
881097
858515
998871
394772
506693
460217
145916
196054
277261
377205
413855
730370
74425
694854
970554
24405
212625
345392
886206
739628
437111
916060
382215
523800
498153
498537
846716
94629
331210
858306
19674
597353
94893
107756
62561
755986
433450
136954
373435
189555
292711
635134
247898
96503
450357
304424
523705
538184
31675
157396
331714
47060
241410
370063
602604
905279
861297
231066
540421
786001
264446
193300
469464
402720
196248
942346
342893
92337
990759
782011
185207
448612
61341
726634
96343
76413
836103
657852
222622
114263
265083
962937
859674
179364
946324
143425
495957
955883
678555
402956
499238
642783
426668
68032
178342
255230
422719
728314
792393
361524
203356
868290
596023
502277
122310
346985
628308
665900
375498
433635
375498
826527
384488
487932
127409
46507
503373
526637
874833
283667
401968
381972
484822
929290
239043
456846
136913
969152
541378
81994
94629
516318
107705
541378
241164
542928
480726
24713
73962
425271
461967
988971
440515
453171
543345
210933
333259
704386
761937
972220
190293
814697
820879
831927
972930
68032
262300
595229
310776
199954
861074
985013
648851
864577
519056
621857
214498
483199
911479
250086
117464
557086
991449
488789
134284
312055
548932
192346
389384
691405
955687
349889
870784
755976
693808
338033
775464
222622
137581
278435
934114
778377
548719
934298
276448
81298
451794
105300
190961
263475
183515
974085
900597
113557
142605
970088
548719
753156
607070
478199
880174
454705
6836
482076
823726
832114
606485
275907
89978
522730
971952
401896
286751
995685
228117
301654
406712
928955
93063
878810
576702
261567
602157
846144
367939
435236
964884
752216
300689
74635
506333
132138
855432
267023
90736
650055
342218
455424
559420
813281
169346
527266
133660
91462
150395
362610
882089
566982
570764
385020
245097
973184
867888
200111
998871
475280
472074
308439
207172
745952
798125
523800
941695
143504
644723
412666
187820
814385
635472
810546
858306
776130
537484
756143
598847
130378
996415
369323
906427
16044
378354
410375
714193
523705
993672
800525
365231
470154
801692
70939
156379
757472
435236
833092
591417
516935
971694
357465
266571
183143
250162
329149
925793
857930
860789
106398
631340
825147
706730
547236
749592
863775
302859
345392
278929
493195
800525
387670
373883
759324
287967
886206
762861
805105
925812
336909
739803
909380
882130
868647
161318
237474
610538
463998
801972
75887
371409
592572
930949
619737
952261
182545
464343
382716
544219
21992
907166
455601
495552
543345
862758
346064
669386
963527
657828
440200
867964
56357
512388
475183
636327
814385
859674
231066
207520
235352
715839
113501
321690
183229
134213
923855
862171
214712
908710
75549
398429
772256
365953
110828
491121
404779
608323
838947
814385
753334
372112
25560
255915
641949
828904
858833
233610
814611
81848
4964
833802
225287
77816
42707
886827
861739
592572
130547
468427
758974
419661
225707
847581
383931
866494
956514
908501
813407
900312
824249
187912
862171
874820
761937
850077
87732
740762
917407
164659
867063
74425
916540
593142
756808
403250
195707
226818
953278
990447
286278
336989
840483
660978
511985
644818
946815
802150
734061
398184
503236
345533
538312
286981
339284
971694
222378
373138
410375
999630
290692
32528
434895
543792
687207
740918
384314
218102
199954
792393
522163
245243
538882
582371
884340
22457
661473
843885
988595
605037
190961
304033
657865
99524
9613
944215
241164
310047
433363
844012
322709
403250
139391
142927
394772
874820
997923
465023
422920
930516
363075
474640
728558
189983
132138
538237
780410
978390
84711
460932
393254
957783
893802
197517
14598
526029
471386
277136
238541
957594
852039
660271
949632
15155
835903
520416
956128
172123
983614
157396
801535
112680
348542
910793
393965
309941
443071
538983
751854
282604
31675
542818
975166
758276
834525
762452
194069
833102
259919
907166
554811
971067
104750
499085
746678
42696
990872
971090
144436
699258
605964
280139
761342
189309
814730
24713
7348
656476
713849
588349
164099
468427
950246
962937
971615
971090
732267
953060
412592
908529
826055
764204
567647
205114
540581
142605
972224
186463
110673
346171
769057
515894
835648
837629
883422
309447
935557
677203
26470
445567
542
754942
25426
142605
143425
758276
349102
542684
245243
628778
769109
507019
248677
837629
607070
355236
278832
686757
222622
77136
944452
857482
913422
753157
106963
979264
637715
771933
26433
763129
48909
712752
509697
884340
853809
765452
929683
64040
147991
261521
517488
720442
235904
482324
670922
324518
107649
777310
847581
661473
292934
470146
608453
777642
988324
712632
96503
882769
585249
947494
570740
640230
520976
511260
286981
106533
928552
814385
823726
384336
831728
114681
563318
426412
708972
679181
169346
483072
688296
777642
320925
721438
80723
526029
394404
68148
745371
758276
529773
966790
851954
140834
761342
26381
373212
412955
777310
857930
724495
768596
610874
658205
683483
210237
717495
863980
295204
801671
564420
722740
542818
634429
3471
950562
48198
495552
656933
125195
243979
8280
40557
446436
338660
654462
460217
949621
993413
665319
464065
454132
582784
833802
140268
570740
63787
728104
909380
24713
65999
787045
712752
475280
128292
863204
936092
186152
622173
750523
661951
673536
341300
604002
473731
640689
712051
257411
750170
199954
859709
25359
146241
783198
329149
132138
14893
422004
636406
146241
134060
89629
390122
805105
798919
131593
323326
928943
788744
42052
928182
796912
664104
955794
573893
205366
21992
222786
412666
827485
92337
285303
35192
930113
727249
278929
130726
450056
431638
241573
116990
59045
752087
638913
830720
399450
302924
765197
755976
149529
265083
329628
567647
734161
715839
743686
597353
159980
709105
59364
884196
537484
602604
392560
680398
104095
654224
756958
430120
980434
546744
559420
461965
998928
656177
850382
610847
767718
926291
315936
347309
233610
298076
777557
462394
279414
711459
499174
299307
95000
902360
558597
271656
827485
686545
172835
824249
914092
99055
508825
303013
155941
699385
443762
889110
276598
20308
626611
501895
33254
851505
324518
284949
286768
782452
591515
224076
846946
48909
763379
374592
197879
92160
840629
850841
343243
232008
965186
727904
426121
278411
908710
632590
137236
570820
105514
38847
993413
973491
245620
222972
280911
587821
293612
868536
102763
468325
303013
383555
827485
287092
107649
77517
232362
741682
624353
850841
277261
315352
665319
103790
914845
772256
307987
189309
534047
676328
326969
250162
720818
662816
15933
231132
838431
779019
846853
935184
842503
665506
164834
367385
314507
16372
116096
191286
413855
343988
824142
255617
32148
356070
971020
714260
650765
382354
19248
545639
996731
120842
573705
232615
96503
635792
702009
561396
485414
185207
324352
985991
925540
954659
252318
862171
72037
990268
886257
824025
538184
157979
48597
93573
921760
413855
922081
321487
336309
841930
802001
147422
995685
155179
336054
742009
254786
919382
221283
638821
956637
924622
612286
333259
990447
875528
434047
125929
849084
776215
39844
456155
634310
921892
549436
20739
59969
560809
752087
685186
374673
458392
131807
780410
717344
733447
887880
703590
300214
575626
481684
241546
826055
965444
855217
165897
685186
709820
521864
50622
855432
641949
990835
853052
279520
616291
751731
311182
332549
2532
113672
930151
93573
500507
273693
198404
223267
656933
134261
86122
663788
763129
308439
935282
928943
245139
966228
924746
650033
955362
718824
278832
944452
882130
449695
996731
80916
980878
858052
487738
509295
748505
581591
22457
677400
295204
334180
665506
568897
951261
143374
931963
381849
827411
646425
122312
586740
478199
913622
342116
635792
779415
353759
694259
377205
495867
741120
483035
1492
444791
46507
643067
185207
355236
83470
288845
30313
640043
191286
262117
74635
143624
525032
206812
120512
525032
369323
792868
687029
669294
871841
726053
426668
320606
99789
249108
240623
37279
349146
554466
773052
715413
715839
500366
365231
760438
337801
993413
725928
471386
719805
196270
499574
433479
883204
702646
174636
997510
26433
629608
896217
580613
517139
332573
627564
259919
651539
893436
962745
842503
842052
268554
519049
591985
755299
589923
939478
406117
660978
595785
276070
67306
340781
193590
788350
824106
166922
984007
509348
903424
373883
320946
376446
370131
934607
164659
18065
618573
788773
694017
538943
913370
604952
850202
101803
14773
730484
441643
510378
245139
10394
7315
213787
844012
740369
181682
120512
257589
412666
219665
420111
183229
232063
639742
807196
450134
75093
440200
345704
379263
454132
202608
243979
138588
522163
674983
413630
276718
715894
333259
996098
916540
40574
660195
549436
430760
900344
924526
765815
63354
664384
866111
383643
295376
249108
138588
73348
681049
211473
552113
758974
544532
538184
226417
400832
604345
17188
274878
346756
862758
404451
583754
654694
498153
805051
362610
7695
484575
918205
107479
874215
696534
998871
842566
493362
529222
826978
967337
122312
11284
256243
911307
489949
66875
59063
903424
926347
283847
387296
417467
450056
164799
128292
715894
47769
91064
18442
529104
315352
450134
506079
851767
377205
138588
174818
358669
967691
398819
231132
921760
999630
772256
107292
131855
928943
998184
890643
460918
609437
807167
516318
450056
425465
481684
516224
564420
989765
856573
720323
323172
259838
98314
425271
313570
656177
58129
136930
76754
780831
921603
824926
26566
810725
728558
265188
402894
87732
849436
66650
991990
432876
824121
141329
634113
838525
462394
713735
285303
222508
733518
187579
605037
198829
590077
721987
896064
94745
552864
952473
544059
291506
207593
134284
866214
247609
383555
619973
78104
76768
473552
136954
740529
15155
598456
820653
170385
189309
753156
879935
303988
312055
383459
403250
919382
668145
41464
635472
113825
431173
567924
969152
134284
852039
129334
525662
431173
93063
478715
948739
490355
213761
15933
266576
630294
650765
114624
647652
105300
259023
225948
224743
548965
529354
398712
640554
841555
736100
457883
710765
794499
639273
275994
609460
80916
635472
667340
257411
38847
564660
791009
310446
9814
890228
604952
955476
744419
458722
625248
640872
114407
835648
640872
585942
276851
336909
642102
908499
443750
345219
685642
895228
335590
669033
832114
50737
146668
304354
596240
76413
879527
318224
337310
633387
165943
653243
483829
162633
389384
554466
207050
817115
9814
458900
363086
886091
126081
134213
500294
360213
991389
370131
385462
786194
246370
977185
949035
381504
529
734358
794727
538237
628070
725344
113672
507831
115456
259838
164469
363887
729195
218935
443061
371825
714637
69528
996166
788535
218102
283428
26566
66789
194069
729409
680989
122221
886257
264075
975166
197879
939113
976350
644818
351047
994123
278929
94893
914434
168860
762452
882452
18866
808675
56642
42707
118062
512889
739374
653888
678885
623673
709475
793704
766004
239387
929779
567620
639977
568897
696865
610381
872884
37450
851505
593142
860811
453171
715596
603633
282947
612227
887257
853809
192346
602980
265083
604002
699258
927811
705660
259104
994871
807167
357164
765818
629549
724977
258795
750162
537455
472865
800408
10573
660271
264546
663716
945570
912322
541378
901443
148359
659399
470154
825147
303371
232615
654413
711774
448687
886827
314959
130316
942207
529773
665900
822733
981683
117287
869345
535038
804539
426668
470146
250294
986202
626611
285558
507682
283847
282604
740529
758679
493166
159844
753127
400832
38190
793635
872963
893959
27404
519976
585883
759268
388948
876303
534047
154845
933564
150395
399286
928611
250227
858306
42991
706604
8886
867964
582813
96168
786638
207876
265083
248677
882020
449609
241573
940560
287307
673536
656476
105673
871497
388757
312392
526824
177978
845423
648743
30435
858339
302859
486219
239401
908564
840483
238263
169716
386980
125195
673536
799441
536087
413855
988182
547150
635248
210620
301654
782011
444827
369459
916060
336905
631583
36872
510644
144511
207593
397308
298140
238263
255254
483072
155445
918749
453199
656530
24807
284525
450272
92687
330776
962437
383592
287307
798255
105514
407272
209654
786289
726843
734041
6708
384235
641361
476830
45309
779383
194614
333259
145854
359836
116875
884196
279414
313570
269715
803302
482324
541378
834525
730531
115600
642409
131855
850382
847115
757952
884340
195697
274957
835871
445011
805051
105269
409196
515155
165687
120842
224076
130699
122820
874888
793753
329678
488150
838947
316133
103790
432054
936293
320448
31283
769579
674836
275994
156772
409067
457883
627133
279777
106768
357228
801535
318175
413855
969444
331210
305054
338033
80289
817115
85435
380784
217013
633387
334497
163757
165897
301654
268058
977330
882381
824025
292296
765815
331210
826559
842052
947742
890643
88899
96829
114208
860104
71333
551393
164682
495867
927883
921760
333259
541378
555484
241814
470154
150980
31396
187843
787149
468261
362610
255928
886658
821982
325376
108342
655144
371825
247437
32148
414806
523563
563838
679181
960495
152950
513886
920848
998632
630217
625248
641543
3471
426534
314507
518837
468427
311888
109257
688196
845384
754942
576702
299379
9164
515819
656525
804578
125929
345261
500536
428381
242492
199982
988756
863847
360812
381504
257411
846716
472444
777557
285558
621847
586496
170736
971494
489789
623673
618594
419661
169716
439594
253511
337310
139391
341300
389340
359594
225707
113739
897695
508825
610874
177978
657407
238344
962937
658205
470092
605206
680790
686367
933044
612512
935282
80235
282733
971020
218395
766170
490425
12283
372490
95807
383775
431073
763866
809283
421227
288042
129266
49681
400847
691370
936113
692876
375498
751509
361364
930557
773912
719826
75278
181618
703508
520416
631382
783615
898251
763866
261567
971736
851505
505027
14117
883869
989765
790598
185207
257411
344257
311143
604345
792868
685642
594954
867063
173188
456015
404149
662287
594855
842052
2288
309597
525662
154054
623691
345392
769579
343988
979458
602604
6331
742933
771822
975878
786995
624238
758334
610903
855217
118062
403312
870784
594330
93406
646425
262598
164659
411664
268401
245532
575233
165432
572276
599272
791117
283055
627072
77816
217705
530261
592553
397308
733447
144517
373138
617193
109219
315564
774930
162741
96168
825499
312055
783425
421225
502277
438712
205925
126295
325585
328487
763379
768596
383698
949632
165183
993855
102763
211408
48597
96977
536087
226417
91285
604002
92482
102388
802676
318959
59969
810265
79318
210492
80289
53709
256243
35016
240157
540850
591364
514365
398976
365105
713528
971882
297337
913048
538943
18051
394304
841986
470146
334180
398429
350655
230494
77146
119794
297313
470531
210933
461788
782385
918429
1492
356070
169982
624672
108960
624943
94835
70401
921603
254065
444944
857482
253747
948435
225287
564859
999531
462413
749545
362813
125868
196248
212525
834951
395547
159980
707004
650170
765866
540581
316403
484665
599281
474681
572179
646679
85729
538983
66875
680916
241345
470154
914767
864762
67873
219983
547406
730737
200111
65505
764437
770561
253482
842503
149036
38765
538312
325367
872963
843021
304033
360188
222972
619973
460911
361951
929381
346985
238352
846946
935471
12238
488150
748868
213625
240157
195707
571492
609044
364296
463093
984391
788349
154511
130696
147530
553558
730484
873681
996229
435236
226818
730531
870767
49212
515155
493793
188327
304254
221283
784263
47769
327190
340781
27404
399835
318224
666210
646505
595229
328754
740254
882769
700565
789620
924982
734161
96346
296357
952261
604345
686545
835648
475853
987280
154054
153553
632590
101213
500294
115965
282994
970686
585734
571492
876198
774771
69978
498927
420354
81018
245378
692277
565872
594802
655303
9814
739803
565469
523833
259104
580598
191260
730370
66875
3820
276175
452504
225948
434047
9638
289084
284255
653484
853598
499174
230415
313932
476871
676328
255254
808675
886231
513897
716821
512172
724553
997923
267023
760438
895228
491606
881597
455589
207520
404682
551393
938244
747316
389684
94893
245620
189263
713005
586740
746378
512388
713735
713735
720442
169423
769109
800525
883349
155983
885479
542818
384336
565922
637318
500507
427197
309729
4714
29899
490752
402911
762452
378139
989536
928611
971882
175812
784358
606077
173188
343901
81848
276448
457994
468269
799606
416953
392560
389528
862331
384942
114781
902617
328787
837866
425271
730715
589960
849236
435222
250162
388303
3770
148528
816796
284957
925328
582784
990061
116185
944370
486776
139399
943960
726053
384180
193399
724553
260837
735027
398712
384867
859090
664519
29840
529804
872112
275794
991525
694024
367385
476830
714526
753334
872857
84711
238522
937752
65157
746378
894532
284492
863853
192237
330776
457994
674785
100334
683475
998165
617094
137636
113806
842566
348984
989469
248847
452705
860811
690314
324902
638821
85585
632625
50737
749592
140000
370063
858715
724284
45681
256246
218270
650498
904463
262300
961175
300214
890718
724284
781097
283496
538891
636406
503272
823936
437911
376506
679852
820653
78838
677667
669839
412666
196520
359902
730484
525089
763308
323172
426099
28752
644799
81909
263475
158720
523317
564859
441080
71773
628971
927883
438712
858342
919065
380074
832247
96977
381972
605066
593038
719826
801548
251077
488150
385451
566345
473183
329149
58208
849996
828855
549660
918278
894532
699070
198009
222972
632625
504659
443762
836103
6464
518577
536821
245243
170956
833092
753724
30060
622672
491724
631263
327190
307673
608958
733518
784263
555569
474640
867964
833473
511985
844979
392162
470531
450153
422004
826055
258527
416953
457191
698439
567924
92898
797016
805903
8487
541378
103035
230494
316403
164659
313268
522797
873019
107705
712190
956637
340478
407787
821289
695875
224088
355928
843021
754857
772654
315352
936976
304254
668990
364745
412471
357763
636224
833819
774566
349593
450272
483704
933437
534047
739490
872488
914767
272233
992029
108638
978031
970432
154126
550275
983154
305022
777422
253452
247381
908190
431300
593972
860789
918278
75860
940815
608428
908529
968544
878810
38801
779730
990268
68148
2606
758941
344257
914989
960897
528189
133780
912596
174476
565922
941445
362885
827777
65999
606100
259104
345704
159980
114407
860005
774930
354294
516935
539445
713779
273534
175172
264446
450628
183143
251077
941695
15296
450434
87526
68163
56357
585694
276070
219372
510476
958614
632095
274461
564660
995768
34537
766004
455061
926829
21264
329456
773187
912633
420368
194929
499238
256823
158532
134213
253557
468426
963665
675867
757859
81976
215884
528748
9253
453907
637318
803302
476096
921411
114681
642010
323041
357565
621841
408166
703804
812453
555207
945153
732264
985445
906037
990759
685879
36552
204319
170956
797023
799170
811569
351047
288851
727904
203380
996505
851767
34724
807196
115456
737127
868647
498982
780968
32696
222708
431300
68436
573948
521904
936976
53782
207706
238263
174128
686367
328787
634063
267834
564859
860196
425669
763049
955610
222378
795924
568781
279284
12283
269715
963441
362610
568897
312272
786862
315352
220431
876875
426821
929381
356865
108342
187843
740983
987816
62775
46156
351519
526678
913048
531858
650880
885041
111456
291288
706496
573044
218647
334180
998014
316403
624331
816639
547947
250491
253881
294473
378807
380074
346501
378354
717344
894554
338532
681781
860104
937102
354568
260341
927373
943960
441702
484575
612512
844012
89415
796810
468577
705920
874833
922081
690559
237269
542646
371880
969987
421225
379840
948074
205114
263475
649775
426821
327239
357763
863114
581733
510265
287231
981184
369323
678555
740138
926291
798516
585819
53782
734358
75860
882210
771131
283853
929290
19458
766170
428381
496452
92898
582154
234387
312483
383698
100172
266201
776215
42052
844012
178286
67355
150395
772699
901239
788773
39844
849269
263475
140348
65157
804578
876167
868018
422719
606443
277901
711368
662127
554049
924199
377102
182048
338532
380191
406212
9164
455073
192346
220421
446924
833001
602604
76957
529310
763049
404764
840225
830720
140588
585942
617193
672442
756958
28036
281619
649693
726402
318959
71977
994333
995390
550310
900847
48909
975878
753724
318090
193300
788773
171361
792606
976241
713907
211313
288845
685562
8885
357464
521407
939303
253452
212944
623991
473183
857042
500366
258290
323172
292286
441643
993413
529104
412592
689505
338750
996415
592572
596044
853650
757884
793255
600826
380784
140588
40200
890228
86810
812511
510644
458086
758549
724553
924686
675585
606443
90037
7695
349889
298926
502114
891537
284255
165687
376348
657852
710478
875143
709144
544969
803302
782452
789227
341496
74118
362554
194929
493682
462413
21688
326109
646693
23253
59063
572179
882401
89809
366253
286339
698106
719908
30060
668763
971694
538891
735038
235285
585249
650498
360357
349889
223683
34686
845440
762680
777794
764393
392560
925328
342116
705321
122312
689577
590077
269662
300927
543204
625248
546798
97393
154511
179585
802676
504737
699983
713005
902539
906610
426534
831404
348371
252342
699258
384881
510433
647652
568897
876167
443061
385098
802676
373113
781097
586196
554466
529860
887292
878374
138588
401537
777642
724553
455462
426787
913975
614588
972656
183515
605037
632625
402194
171776
767718
526029
8487
644855
388757
491606
658205
260837
276313
268970
190243
779968
688011
314959
711826
863980
337801
100447
902539
210620
147469
663873
253719
630363
17579
241017
831927
568004
826527
721438
159780
604653
963926
54458
878811
554837
572184
507019
357465
914443
467308
839988
20704
30435
283667
548146
810265
189509
782092
978816
67306
152999
376506
991622
15761
938761
976738
120041
778481
92594
668990
106533
998014
411664
180179
829254
421225
10964
47060
684328
653484
759257
878374
544305
120090
802001
753127
468426
850577
258622
360711
662127
470146
436281
426668
135321
850829
288481
592696
91064
71977
113825
808972
858273
396690
740529
92867
99294
300119
388470
489892
345533
933322
972754
64304
543674
336054
2288
412896
110673
218935
823104
373883
537150
59045
993413
681559
295928
408983
446436
444827
871876
368953
621525
846853
254065
598858
865151
988756
307924
980324
126822
523833
971020
791075
817115
577765
395547
404077
825209
669467
946815
388470
33171
498537
734358
819701
299048
728304
636990
994871
392215
800454
88379
926052
138975
465871
13497
159762
362610
773912
235722
451485
421343
18915
375498
193399
508842
262300
125239
771131
647519
26679
326951
754857
373259
825499
880739
530979
366864
151251
250762
182749
620842
244232
646332
80723
683252
155713
25489
48909
780636
311807
781274
475680
528907
951638
505932
109516
141203
383931
398507
956257
792941
68253
713709
988971
475183
959025
905099
421977
159844
81741
84714
916114
554811
983606
120842
450153
851945
291506
598456
631531
447808
868638
311483
453171
259838
412666
728025
336717
424122
515445
313932
247437
292711
56357
986274
289443
401820
316201
545674
613150
99055
918429
707064
380074
811187
967064
222786
875715
122310
38620
726678
544056
91683
787327
882089
488789
472368
366118
867879
945061
412437
315564
316201
535237
142099
66875
792868
357565
709590
793753
134538
41914
28688
647519
134060
972754
625518
528519
653662
490752
982286
109696
874833
746687
216267
990835
289084
217917
240511
211758
29193
259865
860024
53603
501939
472738
438516
169982
974810
59763
846144
258109
199789
354060
755986
285558
978661
97184
712629
695801
872161
540447
384867
787830
930257
402081
782455
862764
759324
652520
586236
643976
901239
750162
975689
504874
183229
200672
221826
978243
624331
925890
993672
236084
620473
730871
118366
92687
46477
490752
827773
182749
886409
691001
596240
328787
851900
266576
799641
89629
161195
999834
306553
950698
374673
147388
660978
926347
726634
31741
346215
610948
28270
316946
966075
29708
253719
133370
207936
527067
896558
436021
34537
103108
258109
709860
113806
860841
37541
177492
179896
454838
516169
948062
553558
106533
427796
548146
157396
34453
734124
821648
980594
374082
735038
456015
786194
503884
704625
454347
6836
386980
864058
982009
521407
594965
293790
409067
993334
435224
93409
764204
328316
821861
167249
255928
138120
598385
714907
740738
826978
309406
297610
263547
2253
188327
863980
391386
810185
978751
102388
199789
114798
691370
631263
112680
114046
659214
474312
827173
561925
419287
311888
996752
326109
203536
57309
985047
624672
608498
782499
354899
826978
882401
7315
882958
684263
488857
744860
984898
904463
624903
636756
647878
420368
985589
867964
644980
392215
691739
755986
197538
991622
700757
824025
49936
726726
106963
297713
72633
82769
532881
179794
975364
216575
573003
858479
896217
388470
881660
255617
84711
746687
397308
480525
979012
320925
440973
499274
739803
494603
540202
359212
426412
816817
849615
301287
130316
890228
335477
936092
6708
96829
354062
837412
780817
280139
746238
17265
771933
421120
190385
538312
640554
118062
983614
382150
738558
810725
812329
758334
903424
111237
335235
260014
207706
777288
615001
366286
861484
624353
510476
632590
572184
445011
601254
115456
983154
158481
386671
955085
106964
515894
818365
306360
896632
677773
787947
426412
765378
376114
632048
836201
70134
349346
517488
7133
328754
936109
412550
937903
961768
491724
155561
668484
111908
442830
205366
332549
441643
574688
336905
944452
60209
163757
774070
580756
314720
334079
292286
604653
217013
868290
634948
585734
956362
865151
815214
307647
883099
770719
736197
464343
913048
607519
620142
891537
737075
930257
494526
277364
845155
949208
244232
524620
648553
105673
137253
518837
238263
663325
377102
525388
137310
455601
194135
710441
7533
92867
497684
635134
406708
718824
13497
789620
509081
166586
411087
317992
538852
209506
738558
608428
187843
763477
947679
813698
949165
904785
386671
995332
223892
418995
811756
214498
355656
691370
938761
812160
440994
83470
670554
775327
855220
166586
456254
674395
871011
566766
44223
981344
201740
811023
952806
427835
118366
926152
602355
474640
222378
48885
150918
546322
212525
286041
694017
186179
969987
981690
186585
284492
740369
368394
372883
708618
690558
54665
699760
949035
116875
542253
427796
571129
451606
175172
332746
514525
758974
498481
931011
125195
69494
998632
416434
139881
863980
772907
237543
390466
574280
668942
232613
952510
394800
95000
498695
996865
559393
725949
964679
879527
975166
390693
686367
195002
821409
545674
347309
101854
170020
474640
822869
207424
450434
865848
586329
578584
373138
65157
39134
231517
465434
420328
894138
833092
60209
14773
871763
924987
664957
765641
255928
910325
735924
841859
372110
512388
378354
892162
46274
929779
207020
901691
720581
652520
62672
955362
838431
613654
126827
213761
321487
258527
925952
948435
458900
793037
245381
716211
46477
640509
771933
542504
516922
998952
362926
258527
142605
54665
512320
58039
699511
202608
679176
342952
279493
916804
869304
30313
10269
261483
626301
209506
199741
970686
148854
872884
114208
250162
900322
402194
996731
108342
3820
390466
727904
84773
10291
109410
945009
171776
802333
483829
719650
713164
596381
759049
307181
130676
669548
638821
207424
349470
97184
547236
573394
173477
399690
38588
458799
442906
256500
691739
81741
787327
309080
666210
278637
164799
441145
944326
266571
140183
990860
694017
65737
705998
928943
945009
431170
750347
765785
417345
569347
305018
153106
268992
54298
326490
588665
121584
834951
189899
356389
936856
349487
682557
980594
324764
192346
169910
454370
315192
458994
363086
739628
488857
147422
994607
3085
89014
772805
20590
19418
134736
46507
499581
425271
120508
946324
520180
401537
342952
241814
51410
351981
391680
318952
186463
839624
873674
363556
482324
439594
573044
261187
175671
807196
290610
566766
828107
361364
461559
17374
611949
347714
197628
7869
773271
517070
789355
672257
186175
580598
268554
52902
926563
8866
688296
435236
164469
84422
66586
957594
829648
449389
914767
582677
118062
545674
876303
99789
518552
158105
761937
621525
907166
685879
110400
123194
152950
86069
164659
857990
773874
801535
893993
839115
58129
824025
224185
435642
251077
262300
826823
927883
714385
933564
629608
351607
612405
585819
522163
322682
299742
929779
424122
328487
494603
156772
265614
4828
724567
722096
296461
890161
315739
311156
324764
886821
887806
975364
924746
762680
355854
847615
104597
256243
941413
693933
662207
245381
17579
358487
757134
756855
222972
154535
284476
338730
130316
57543
68747
786155
414096
543595
308084
45309
757952
282994
489095
558597
226383
90888
17265
935244
526029
196194
237948
483829
294285
179382
685879
849236
222708
949208
347714
695875
560417
981289
705920
829648
295928
449673
584630
704625
221600
142679
835648
886005
948062
874618
88071
870652
692876
966228
117091
152907
633387
288042
659631
595363
24713
22937
758334
839966
276175
325139
880344
582677
482076
585819
723148
605414
998150
612932
650055
531576
631263
926563
510322
647519
560417
324672
906428
725949
42913
126370
296357
712605
439594
656530
725928
118345
102763
782455
338033
719230
528476
460733
835871
568602
295376
931931
74635
261483
277136
466902
750565
733880
923793
382639
763949
242574
789956
403111
37370
399690
384867
93406
848887
440994
286234
811756
224185
554016
605533
834717
28471
777642
67769
939343
259592
598080
883099
346883
433479
250294
827072
704812
894532
969444
501939
705704
138001
675867
449197
805284
440179
866858
139399
544969
488583
814493
792606
608958
433870
348984
617631
267023
592103
124544
448105
805903
630071
768501
608812
605964
383608
872112
680957
26433
391150
709265
746238
77816
372110
583168
545742
129244
566288
843021
290641
372496
26566
924982
677915
21688
118149
850577
142100
972224
148722
760705
254544
210860
712629
404077
774565
518295
291926
421275
818365
971736
326490
211313
863980
610267
653247
526436
200903
273780
48138
816887
468325
944772
960765
221451
383608
988756
441607
924686
255230
230052
477464
882130
133961
926070
664519
730771
953060
665506
399704
138073
216944
958665
936092
538983
461245
798516
388470
606443
520014
710266
820653
821413
590077
257211
596736
88138
348984
178739
784358
925540
224185
839521
535898
92594
365317
931014
981683
910793
578343
608498
282518
563318
344112
270569
517488
160256
765452
30934
912502
633387
885728
754744
161710
600146
912069
122310
266201
39659
564248
762213
787830
970869
96343
809283
833939
712051
774887
433479
370671
310446
199954
605533
635124
955885
61316
371880
909687
796452
801671
905400
991306
248847
439650
694238
247609
383775
130942
488200
283360
684434
365953
890147
286438
945009
813878
537484
110400
605241
19347
620910
923931
217018
135082
695801
925999
890420
475680
323041
958614
333041
294473
108067
993334
156772
529773
717495
461559
575010
392173
598496
80600
744456
680790
764835
445011
366350
451087
301701
117464
38847
931846
496933
864168
997195
930557
562864
883709
490425
339284
374673
59045
249108
49420
157186
637562
714328
724553
636223
132006
929683
602157
517070
848074
614237
850841
948966
310415
190042
792173
29193
870784
654413
141203
384788
739628
474640
758974
951638
848887
29708
660287
820567
110828
200596
687204
933437
523597
784476
173637
852323
341335
776281
958314
669294
335718
76957
734061
455489
3770
634803
910659
350510
278917
347015
246932
581591
644543
345219
17355
914092
908046
510265
646679
242574
897643
86806
782409
528476
740794
745971
571318
459037
338718
646172
653907
653489
825499
635055
318959
977964
236922
813407
803051
320684
481182
503264
116294
612017
409067
624764
872112
313015
204058
167159
899930
507568
213787
165258
75569
260014
689132
3855
796810
928552
499127
719908
499738
170758
983464
913694
876167
160425
780903
908499
669529
805043
912986
980594
824926
594330
740540
451485
945570
105460
647652
250540
109445
910528
582784
656476
807196
728279
114263
45038
360746
32148
573893
537484
382257
293113
398998
940815
956637
185881
772514
275994
178342
775915
38620
216895
847286
680690
868909
922687
297940
793704
931528
685642
771654
266107
838815
117464
869304
800408
730771
920412
199228
538983
647519
673650
295540
281619
597776
64577
859090
89668
399835
401968
597677
714637
79318
894030
705892
629086
379681
310289
148528
729195
188238
785724
380320
592539
135596
998928
703900
506333
669696
138975
344717
911157
51740
490749
716416
486814
312055
890161
259592
379505
807564
758276
690052
499321
955885
554697
542646
213761
222786
375026
504174
547291
926052
168039
377102
719230
237474
610948
732468
690314
332549
451066
578436
302113
295709
787045
664200
863093
680106
45784
845985
104956
619299
354854
831067
711777
345446
612017
566982
435746
585694
806753
723658
772919
476096
194668
881660
640113
262867
26381
570360
714260
245378
6057
686367
284222
186585
290118
273419
180372
350957
702646
46477
330912
181939
393607
273534
344257
300651
279152
996989
294879
948854
691739
786194
485786
285558
346883
483072
756383
748730
568622
36726
566268
886409
774536
795334
449609
240511
397264
13641
988595
452974
170046
279493
529303
699071
730585
219619
450357
468156
349803
106721
639660
854742
145374
406212
355413
99482
805051
556724
847359
544316
618809
118366
100888
9613
526539
923913
931304
395457
908348
433450
857042
872403
571857
167159
220640
177896
730213
446349
136833
728314
772699
799441
106768
941695
82894
99482
809688
278435
762106
100888
886231
918574
331150
536124
256317
71747
513104
785724
723650
467005
318959
696723
141329
207662
894138
40319
722523
697244
677852
272015
43015
977330
605414
524241
821289
340942
247660
879158
749364
70134
751732
320925
955794
737075
328311
994607
223382
71747
266571
68747
515611
736483
711777
588349
392713
331714
357565
404935
207662
986274
714260
589786
183515
711955
183018
501939
929381
191454
80326
450272
170758
384867
678559
937984
80024
493575
859152
662127
864058
985145
212625
367785
588058
791009
384180
737127
119280
966369
75860
472553
138874
608453
344035
719130
210811
627825
893711
950067
665697
476014
77691
107202
927883
182749
687029
263547
781552
969444
540054
133750
258109
225948
856118
342887
464460
725360
164099
688052
596912
764204
255254
513886
102388
476096
745708
924622
862554
303371
586236
825011
107479
136599
644818
136599
813912
935184
452974
763129
392215
869345
842288
220926
224885
337124
409697
459753
439594
245536
713122
420310
456663
839822
632095
297568
792557
31283
955687
718812
960765
59364
860196
602157
655144
138001
824223
245381
523317
256470
742268
653610
916720
819348
882210
828904
690052
653610
813281
680790
483481
342952
690052
376506
215521
740161
894448
585100
549496
648880
744694
367275
46898
512829
154864
743782
746328
270569
980434
262117
355854
850382
552864
245243
910032
758559
561918
68163
475853
26201
679286
449039
501477
67979
102424
336207
560809
131807
580864
971363
173076
364745
491724
914556
581096
167022
339114
883204
544717
498153
144043
446785
82003
595229
578584
12312
753118
753872
443139
313570
644425
98063
767181
459046
609079
762861
544056
633397
874833
811050
843561
954528
446438
875856
954432
709265
802001
40200
984007
138028
367591
575584
867086
273693
973184
351544
647519
679852
292460
382521
668408
307647
691739
570019
43851
315427
835884
48909
401825
692136
518954
241114
788744
276851
512629
658272
902205
7869
174814
474156
413004
461967
668763
571129
351265
307891
945570
515836
409610
182704
954876
537101
501605
767448
985047
403633
819400
908258
299742
886245
715413
542818
457191
501493
557623
60771
772809
16372
954432
688196
36940
576873
408166
219420
237364
153137
302444
816878
255997
502114
722031
192237
705698
800641
110247
310047
414096
560809
67228
840225
248418
804924
129631
996752
606443
169910
631533
405465
960282
757500
92482
203536
872759
140834
446924
834951
969152
757091
954355
756952
30060
713164
428972
550741
787340
792868
278435
994607
868647
939541
288072
351794
67355
786422
547236
299048
568781
716194
925952
278411
661926
169822
838947
1343
946332
931304
111456
782499
799988
585249
777148
310047
461752
31852
941599
475280
780957
425245
516167
961956
695875
767532
258445
13132
142679
883709
277261
29899
92594
566982
146272
748501
80474
60209
485772
685171
656320
696793
963140
565225
323172
552864
507019
76754
918574
212625
727249
955794
700757
518622
902205
379530
324475
336628
803051
253482
949632
526824
305022
45681
513897
470014
406212
181618
79223
445808
329149
982143
494077
762106
852298
189711
595363
819701
80723
713735
302113
378139
849181
820653
292460
276951
364095
51121
138975
224483
800051
882381
894532
694553
635134
145374
96503
705704
15416
126370
205114
685562
798920
529860
963665
486115
478422
550310
40714
472436
476014
332549
518954
563259
711660
92337
544717
993672
786289
702227
997923
994929
647732
238522
964277
114624
902875
616990
777380
661054
969732
280613
859709
253422
312272
51410
569969
206395
125403
911479
942868
572184
646514
653662
753157
222708
31080
505100
443762
864931
825147
76736
936085
579613
94616
767532
510644
497410
477875
203315
972862
572179
955994
299048
588349
941599
481223
963598
442367
505027
23054
958829
487932
307969
276884
705994
776130
234465
343243
267475
972440
737569
588349
145854
839063
716078
528727
375604
828855
398006
189555
398817
986274
893491
847327
831728
411976
167159
695875
543649
193846
745584
434047
48507
77136
974016
441702
207424
524067
814385
609079
884822
605964
588079
463998
779265
348834
752362
686472
209506
77146
717428
978390
26566
784476
587308
38353
377846
898269
81168
300651
445091
770016
964329
501535
451296
903727
10564
570143
913599
834977
541826
717495
966334
885552
68747
628070
190772
35189
744725
366720
290440
14773
379615
930235
514931
867813
283360
283360
721158
687072
610538
630693
515725
606023
703993
988558
184936
786155
527936
273780
608418
322263
781694
323708
593482
3855
541521
210237
633224
165337
851954
45854
611434
995194
627564
817615
779809
405465
877225
404826
996873
4633
847423
247973
906427
785643
631905
255957
522306
67443
223592
119280
847890
762180
669785
360746
302469
883223
628971
833868
181618
948074
276387
189899
140588
341410
654767
988677
955610
963743
470597
824142
307987
145049
209702
763866
447914
141149
544517
37209
210796
876904
725430
749545
55668
528222
276273
479638
958906
901057
35189
245620
860600
795661
518295
980434
350104
81259
97184
837410
374673
282604
431383
739786
371941
478715
947329
480802
812443
157388
40200
182048
334079
978816
816329
167966
162741
515836
398006
49330
741127
543792
815214
78104
39134
329129
119158
983614
100874
963598
284949
642670
755986
447229
148797
703590
243563
239136
721970
449197
54337
955794
398976
182048
814730
964679
666684
732267
63572
991071
470524
507831
855289
538020
95525
140183
190624
724226
46898
80623
570821
717344
694052
164659
800525
562333
995390
748997
919065
104956
549496
847633
831927
16599
256274
909777
185876
966903
244669
892218
843698
669839
781217
358802
631905
994009
222720
361842
197517
525006
495013
738272
150395
827983
16042
103108
148539
472738
535898
89572
312200
912596
945517
905099
579785
166001
912596
177896
49681
431083
639032
357464
950348
512320
559396
72185
30060
593972
271385
696944
114263
408067
154754
452705
38190
977933
296357
917190
469578
617860
665697
556700
474948
508489
270370
151659
276213
926070
551782
666210
362618
271653
284331
456846
438152
221257
913422
345226
657852
684351
558597
730715
544548
826468
375571
769727
907866
650055
877760
481934
946183
461531
870515
5629
20615
73489
86316
689817
951608
621847
144552
334529
838525
336905
251164
513157
401896
125403
758679
154655
461855
128292
778249
278435
243702
684812
126370
371527
792129
880508
672257
295504
95716
129631
972224
430696
228466
937872
247973
144354
80916
950336
517463
443991
800827
713735
826527
375498
7564
805105
337875
210084
500256
270802
276175
742933
35192
234098
25489
97395
914556
383459
600738
588079
528748
875528
427796
683489
81097
525006
400016
305018
958630
492837
299379
375344
946023
921892
393568
516318
658205
159780
700372
703166
640900
857990
709596
847075
981654
732267
872884
434895
444791
48885
594802
982358
683245
71168
419191
839521
697031
166586
578494
886348
726325
730076
644799
869439
356865
364589
168841
264867
188327
982143
312272
136599
286234
485786
52800
544305
743512
634063
207794
86489
596912
115352
166886
328311
449903
864168
864348
450973
856269
222708
81208
179131
967103
434089
940487
984484
317992
985329
174476
442906
711324
620543
696723
896333
887379
210811
581661
325899
470524
222621
140000
750162
390843
472130
991990
935516
357937
574788
332573
190961
685562
209235
43017
609079
558042
923474
94629
961956
427555
247039
63696
739019
261483
443071
361462
270402
543325
931963
2288
129334
385256
792162
937984
9240
24631
892961
543204
691480
878961
210933
165135
122379
374082
667734
430120
140834
912328
14117
402763
236100
594829
157451
436021
549481
537484
92160
391150
294188
838832
104956
83525
853215
59364
458086
884340
916098
312263
688260
597273
688296
392215
819016
631340
328787
756681
920625
196054
348411
860104
589138
103790
224603
499574
132796
543325
682743
554846
385020
11410
38847
904249
621857
862331
424122
638890
251992
351454
562532
866445
147936
284128
729914
497326
208631
730638
207424
602490
994333
318224
537488
692450
303013
306805
111908
660660
966843
783391
882838
260341
978390
520416
571492
361300
148322
317778
373212
868018
20003
591364
879555
922687
977330
710765
509310
665570
863342
227111
59969
945105
336717
384488
662893
772919
298921
191868
341300
842503
150524
343046
852298
970447
632931
445567
148322
967108
758549
657582
946109
574070
873019
914483
608169
688902
145592
265266
325139
841131
284018
596850
304030
958665
318020
106770
411039
250540
371527
498481
882366
863836
90661
837177
627072
428019
249014
317293
773271
807564
