1
126370
568849
126370
1
126370
126370
568849
692428
568849
568849
596023
874833
874833
874833
596023
596023
596023
1
863722
996865
622173
692428
411445
126370
112827
863722
721768
692428
721768
347309
544305
527186
563318
1
126370
692428
976350
568849
871841
112827
825147
874833
622173
196248
271656
126370
347309
606130
874833
271656
544305
112827
721768
863722
596023
153137
245243
825147
112827
622173
196248
159786
347309
622173
58220
468427
563318
271656
606130
547236
242492
20590
544305
892162
154655
242492
825147
501895
996865
938767
996865
271656
373138
753334
276598
371880
837629
972220
652710
622173
96343
294879
989207
194069
42955
972220
249014
860811
809688
753274
20590
159786
16042
871841
976350
721768
1
838525
715475
249014
825147
112827
493416
871841
721768
596023
126370
887292
347309
96343
892162
636406
194069
373138
753334
16042
606130
976350
222378
42955
411445
126370
300062
745371
486328
91285
1
222708
60250
42955
468427
153137
203380
153137
68267
154655
812041
591515
346985
338033
546322
659399
336054
154655
427796
838525
468964
427796
563318
679950
913370
892162
300062
222378
468964
257589
288845
346985
622173
459037
677816
659399
400832
165687
910032
300062
294879
483199
371880
825147
620401
303988
609460
993855
825147
483199
299771
679950
873817
48062
165687
501895
93063
356130
346985
544305
974810
196248
837214
303988
250227
223314
483199
371880
606130
652710
419287
461531
938767
620401
304254
499574
547236
20590
210933
38572
155445
606130
249014
443762
850841
58220
547406
294879
692428
222708
609460
347309
610112
609460
321690
255230
610874
537041
606130
41464
459037
343243
430696
483199
808972
858515
715475
568849
193399
863847
652710
913370
42052
227275
976350
563318
336909
85544
283418
303988
976350
730978
863722
371880
543345
568849
964277
393607
588665
813102
58220
16042
486328
159786
48062
393607
419287
837214
18189
411445
60250
612405
286438
181618
119012
26433
858515
568849
686472
303988
980931
910362
310776
197879
686472
730978
227275
493416
60250
482324
245243
120041
996865
155128
96495
304254
170385
692428
193399
699369
659399
540647
499574
677816
753334
193399
249014
42052
210933
288845
563318
468427
716923
176314
859674
58220
357228
906598
874833
461531
547406
486328
975878
263467
776474
261567
973069
85544
290610
863847
265083
964277
730978
14773
167159
340781
13498
563318
947742
488789
786862
70134
187579
377264
10778
379840
691405
887292
276598
183229
763866
20590
400832
343243
170385
609460
18189
622982
780903
813102
603633
222708
809688
303988
141329
170385
776215
196248
538237
415544
261567
639273
778481
543345
321690
585694
41464
209654
222708
286438
343243
183229
300062
335374
255230
596023
721768
154655
111061
136833
568849
910362
592553
397660
864931
866918
459037
751731
699258
212
730319
745371
42052
906598
111061
824946
257589
756804
501895
268978
126370
10291
60250
285843
652710
669548
400832
207520
974810
450056
871841
692277
377264
715475
458308
887292
96346
702009
492076
960765
716923
450134
306805
547406
299048
40574
450134
379263
890420
677816
283418
345213
851767
299771
131807
759324
159786
4964
299048
286438
824946
223314
492076
20590
212625
298140
585259
680957
96495
286238
419287
641361
859674
763866
642102
54252
976350
290610
637715
882020
699258
882020
706730
560809
674395
292101
887292
774930
338033
605122
209654
256774
836103
765197
942960
119012
507633
660730
863028
54252
433450
692428
606130
14773
942960
711777
298140
753156
858515
479638
973069
659399
42955
426821
292101
320684
371409
323339
113501
40574
511985
637318
191799
635472
603633
10291
624102
284255
354568
674395
16042
68267
54252
732377
769057
131807
925540
126370
732468
259865
890228
774887
450056
397119
461531
594721
227275
433450
908710
354568
863722
222378
336054
371409
641361
499574
717049
507233
238480
426821
637715
273534
338033
928309
609460
908710
169910
433479
257589
824142
507831
304254
777557
882020
58220
286339
976350
622173
356130
975878
261521
540647
7348
910362
261521
808972
14875
91285
871890
415544
85544
426787
669548
910362
730319
913622
854742
691528
610874
217705
706730
265083
346998
633866
468964
53161
248847
947742
660660
266107
350510
80289
838525
546916
490772
871841
646693
257589
624102
566982
2238
38572
303988
492076
194069
354568
374592
53161
109696
679334
13498
210933
112827
538237
890420
522730
765197
1
472074
126370
828904
187579
482324
962937
96346
712660
858515
591515
155445
48789
910032
863135
222378
819348
828904
48507
900597
730871
528222
925540
228981
196248
386946
336054
620401
889699
203380
756804
909952
831404
917480
910362
537041
310776
238480
16042
197879
276070
290610
871841
909952
132796
563318
77691
778481
426787
94745
187579
255230
637715
547406
111061
754068
165687
637318
620401
136833
357937
608864
474121
679334
889699
873817
326969
261112
559393
397660
860841
58647
972220
864931
223161
212
544305
197879
224885
564420
131807
303988
237100
713709
468325
804862
194069
484167
271656
909952
572450
592553
323339
309729
964277
560809
811735
283418
963527
214712
774887
947742
102388
684812
68267
343243
756765
668145
330776
660660
308995
559393
484167
716375
710765
564420
155128
335374
809688
980878
679950
187579
258432
522730
475680
54252
948435
276598
724495
294879
706730
769057
34382
485414
397119
637318
133961
357937
957594
146228
40574
19674
669529
267208
708668
141203
664384
838525
382215
266107
214712
566982
792606
35192
426821
757884
727804
320114
54252
286339
196457
703967
210933
482324
639273
518795
860841
650765
54252
463093
286438
863775
465871
540908
158536
154655
149036
677816
754068
379263
539217
990061
228981
566982
700226
49223
14773
139858
765815
159786
132738
765197
227275
751731
14875
290610
860841
450056
400832
769057
703967
273534
711622
743686
212
386946
950633
991624
283846
210933
577200
472444
847890
27404
361464
780075
26224
547406
273534
150610
610112
286599
215521
548593
811735
468261
890420
283418
7564
450134
860196
996865
7348
490425
49223
622173
10291
265886
468325
448687
982383
266107
250227
574788
340781
575554
866918
659399
591515
929683
214712
643292
415544
209235
980931
261521
99340
379263
443762
266107
373883
641361
93063
990061
320114
787191
468325
81848
65737
96343
509295
703166
674836
243019
381849
753156
761342
228981
765815
631382
650935
990835
703166
609460
87526
111061
53161
787327
405068
299379
283418
855217
765197
954659
892859
263467
461531
517921
871841
346998
434895
99340
633866
15296
703967
186985
10291
708681
917480
575554
793753
411445
739490
723658
381849
863028
661951
474948
161711
966807
603633
917233
690558
753156
811735
58647
119012
703067
918278
922081
689505
775464
59349
464460
449054
826559
261567
125389
54252
459037
320114
53161
193399
789330
774887
275994
703166
728104
708668
261112
610847
955290
478942
411664
247188
548593
40574
421599
225887
851767
642102
96829
490772
356377
708060
739628
730531
712660
928182
897695
299771
857010
373883
914434
93573
730531
909380
962467
866918
332549
26433
713709
955290
580377
53161
572450
910362
715475
336909
885554
341335
306805
488789
887292
661951
919382
865151
776130
752968
379263
121584
160425
765815
624102
99335
522306
517921
100263
19674
963598
824946
822869
703166
603633
336909
100263
511985
48789
481825
249014
26224
612405
3820
191799
740751
593864
730978
987815
774930
11410
573948
873817
143425
642102
241573
871890
668145
62561
386946
280613
835171
689505
468261
306805
137253
756804
710765
81848
887880
991624
780903
334529
81848
961656
423634
481825
286238
644543
546322
96829
133961
758276
768917
274957
24841
241410
793753
172123
913064
793753
644543
341335
837927
740751
776215
261112
326969
631382
703067
850841
478942
121584
287967
449054
178342
192346
728296
250162
136954
640509
276070
874833
266107
439454
953435
745371
40574
131807
15296
786862
224885
507831
522306
900344
938767
745371
863114
415706
193399
801972
194069
801972
485786
510378
640900
786862
730370
892859
465871
608418
914989
774887
814339
660918
249014
338033
88273
798919
982225
143425
928309
209235
863114
517944
62561
860196
302859
692277
261567
568796
686472
753156
821919
548593
329149
661987
752968
753274
266107
42052
740751
757570
114263
199954
136833
200111
909952
525388
281512
166922
827773
813102
77681
308084
509295
772805
281512
837629
895228
594954
913622
580527
109696
20003
918205
336909
154655
154655
68148
918278
449695
126502
559393
632095
863775
906427
624102
147936
955290
961768
139858
143425
909380
761342
499321
79318
612405
373138
114624
96495
639273
345213
84102
609513
518295
248847
219372
950633
613353
166922
717049
769109
443762
585694
661951
390519
140268
703166
283846
310776
38572
993855
478942
940815
200111
609513
356377
963598
222622
765281
8280
361364
758974
19674
483199
149036
910362
96495
776215
456663
543345
613353
302553
804719
7564
989207
942960
450134
555207
591515
821919
517944
460932
727904
241164
901057
929683
14773
149036
691405
154655
147936
336054
116185
928955
730771
771933
247898
493416
32840
27404
776130
58039
95000
419287
787191
421343
150610
167159
478942
525166
892859
300062
962937
464423
161711
585259
733447
574688
74259
597677
529773
694017
268058
774514
478775
120041
522306
68267
160256
890228
897695
890420
474121
758276
501939
862171
512788
485786
147469
162741
652710
911479
864845
196248
356130
871841
146228
594721
58129
331210
280613
750170
972220
650170
984039
8355
773180
268058
48507
919138
772256
642102
577157
241164
890228
963527
848689
996865
33254
181682
792868
182387
863135
4828
579212
235904
732468
787191
261112
942207
287967
27404
210933
481825
863775
224885
300062
298140
730492
688296
639273
191286
670563
2238
612286
11233
770046
641246
739490
323326
285843
361464
342044
962467
265886
485557
267023
184839
197884
249014
169910
74259
430696
124544
612286
713709
209506
264320
906598
141203
743686
530429
929803
495957
112680
361364
957594
203380
85544
664384
736530
769109
242492
902487
664104
499321
757570
468427
266356
970686
588665
853809
136833
612405
865151
375498
377264
189130
345213
342893
956637
70939
639273
509295
674395
743686
495498
540908
96343
140834
242492
717049
4964
546916
608418
637318
712190
999038
256470
8280
961656
711324
827983
405465
621525
961768
299771
675628
191799
517944
49192
942918
204494
285558
306805
544954
694017
927811
585694
690558
90037
7348
212
38572
222378
484167
257589
908710
290610
186983
713983
207876
603633
112827
606130
691483
784498
997510
246932
426099
80235
734161
136599
358096
305917
84102
765197
93406
886206
419445
430760
913622
570282
998150
745750
858515
631382
957594
419445
798410
637318
548134
101186
972220
459183
885299
131807
248847
80289
598730
361524
90037
476526
456663
509619
115965
96829
608453
687029
716923
462413
974519
284255
880739
222378
210237
661987
947494
566982
646578
458799
925722
966807
752968
887292
546322
866794
588349
280613
955687
345219
970554
35671
209506
322682
132796
300062
913370
278767
812041
24841
270373
397119
4964
253452
367939
309846
269038
275994
863028
904348
267208
579785
68148
629408
669033
563318
834748
789330
190574
182545
730319
464343
756804
322682
585694
865992
873681
77691
189130
405665
522730
403250
37370
322682
145854
743686
274957
770046
1
688296
275994
440200
121584
807167
516076
687937
733032
548593
167159
873681
37370
594404
382215
99335
831924
304928
696534
939974
798919
987815
388757
764110
290912
857085
379840
275994
439563
33254
486776
838525
278767
267208
755976
21264
739628
942960
5629
754068
738558
773180
703166
123178
95807
830856
928611
13498
323326
255230
40574
827485
296461
490772
553788
560118
529
710478
849269
357228
913975
217052
686472
386946
279777
390519
205315
526733
540647
974810
428698
259865
190961
526362
183229
955610
793753
196248
250162
223314
951608
321690
336054
664957
916540
106770
187820
854742
530840
777422
193623
302859
585694
660730
622982
48062
249014
136954
564436
913622
459046
144043
338033
577200
91285
514365
435236
716923
794727
294879
650564
481672
446349
838085
269038
774887
309406
599272
227275
449054
133961
170385
523597
335374
286278
165823
271656
144285
758974
320684
605122
939974
490797
6464
35671
853052
807167
643292
813102
299771
383643
659399
4964
95525
711660
609513
916540
892318
979495
739490
587821
464460
677816
890228
415706
979495
740066
75815
232362
546744
257393
243434
699369
755976
486328
528699
506240
162741
458799
524241
872884
224126
972220
632048
135596
80235
865992
927373
824142
792606
880174
768917
732264
523705
379720
362610
553788
612932
917480
85191
223314
252318
286768
357076
866794
311084
692644
665900
66875
213761
910528
594721
341335
998698
739803
942918
223161
594954
440200
21992
356377
873817
685562
949632
593972
814730
963441
661676
981104
711459
178342
763025
232362
500294
344247
850841
778377
329149
434262
287191
182545
758974
593972
929290
77691
567924
404077
700226
299771
402894
721987
308439
378354
761342
750523
758276
220640
140268
265188
75815
977185
804862
268978
851767
698942
923086
67769
543345
351794
249347
973184
222064
95807
853809
769109
713709
356130
338033
479638
168032
392560
916060
392173
147322
510378
822478
711777
684812
276070
107292
196054
914838
461531
247898
739790
702009
488200
610847
542684
934895
143504
85191
997510
383775
686367
858442
786862
434262
681812
570360
283667
419287
485786
864302
132796
715475
464460
326969
986202
426099
106768
912633
11410
475853
134756
650935
125389
776130
776130
190474
421120
937872
831404
423634
819348
12283
970088
449197
163486
998698
712605
259619
639742
957594
571890
674395
308084
104821
336771
594721
453907
553788
100572
511985
123178
402894
102247
383931
866918
190243
903369
241164
656476
752968
838815
838815
756855
632625
962271
474948
775492
68267
38847
982225
732267
350799
482156
528650
484167
435881
369323
281512
59713
511985
402720
89415