1
1
1
555024
432149
323539
555024
432149
323539
785258
476810
585758
266718
476810
648425
733761
1
755032
359859
432149
785258
359859
137257
585758
785258
555024
266718
755032
359859
319984
648425
585758
266718
727093
648425
733761
1
397723
727093
250597
972243
397723
972243
733761
555024
397723
323539
189875
1
846545
319984
189875
638203
428210
585758
404763
585758
137257
476810
638707
702606
137257
409830
432149
785258
319984
189875
1
250597
702606
811700
404763
727093
811700
386096
638203
1
648425
811700
569100
428210
618647
623567
575474
234911
312036
795385
790976
530097
317409
281836
397723
730295
354364
769885
212865
489196
312759
972243
257215
359859
495657
438041
575474
110277
281820
567303
250597
899156
442989
638203
880810
489196
718835
769885
323539
234911
790976
961673
946436
445767
312036
610001
648425
52356
981210
931898
250597
733761
312036
426399
817953
509917
312036
397723
899156
727093
428210
595871
569100
431555
476810
234911
702606
909492
281820
909492
588319
125192
319984
730295
319984
929053
702606
946436
234911
938583
623567
137257
795385
630088
532524
588319
227811
545720
784468
664532
257215
206601
860522
212865
911560
846545
281820
168770
227811
727093
41825
397723
118735
359859
755032
664532
334641
334641
319984
981210
865828
431555
162305
120784
846545
784312
421950
1
135244
369190
312759
176215
567303
415147
200620
60909
257215
820874
634107
312036
923239
52356
312036
481669
612569
92363
312036
134226
923239
982811
445767
899156
169458
110277
415147
354364
404763
567303
792602
963497
931898
938583
397723
447907
472997
354364
866443
785258
6290
555024
520357
722401
861801
442989
555024
760444
262351
14779
176215
575474
786024
994096
234911
567303
923239
257215
323333
359859
883425
719150
545720
415031
294322
120784
395330
323539
68609
409830
866443
618647
481669
760444
132513
481669
453907
860522
727093
982811
638203
426404
666050
247940
727093
125192
290266
290523
211828
945577
82588
743812
390200
883425
851955
473842
444459
489196
52356
14779
570708
313154
961004
648425
281899
163452
929053
733761
769885
630692
575474
52356
204488
432149
179433
233876
786995
746642
996976
786024
452420
530097
954134
909492
312759
472997
874287
786024
493828
432149
604839
857080
323639
312759
638203
493828
447907
792602
938583
994096
135244
644782
323333
442989
495657
385623
48921
637002
428210
145079
257215
313154
660574
719150
390200
845556
312759
874287
366640
963208
250286
784468
18579
554821
445767
261542
851494
125054
857080
145079
14779
743812
480022
702606
262351
865931
796820
569100
963208
426404
938583
909492
545720
142664
452420
896292
179433
110277
618647
532524
445767
929053
431555
323333
828208
790976
312036
972318
493828
120784
290523
134226
760444
124176
852999
570708
803056
784468
820874
630088
52356
731424
290523
374059
672134
332934
110277
620679
790976
237220
643644
82588
90161
664532
140175
931898
582288
33800
634107
638707
52356
881868
993579
609935
982811
303293
292994
480022
926881
14779
851955
219227
189875
851494
24286
135244
72094
963208
898807
325827
657195
476810
817953
474928
440583
994096
193963
263247
376548
292994
134226
415332
250286
114176
795415
223526
312759
724287
643644
442989
983330
150486
594742
846545
528967
961004
874287
211828
230466
957273
694751
241917
72094
242573
369190
118735
24286
520357
924391
555024
474928
786024
599207
376548
702650
431555
207341
14779
432149
509917
197141
212865
325966
294322
776062
218839
993579
852999
610001
257215
660574
415031
859732
630692
545720
168770
60486
43614
480022
991991
55930
852999
660574
350061
447348
760444
605102
859732
77104
315083
193602
556824
693842
493828
966012
523762
90161
816364
282644
929053
432149
146644
530097
931898
610001
977439
52356
432149
420118
299772
609935
432149
28789
330519
414871
820874
419549
326711
109680
414871
972318
132513
381485
636434
532524
312036
842228
186612
237220
819758
239807
73985
609935
428210
650505
442989
578471
600136
495468
67026
977439
369190
376927
181929
250286
569100
331629
236348
786024
464563
945577
568092
176215
229972
145079
532524
882762
926881
242573
350061
681760
877573
861801
713541
344866
142664
615219
366640
359859
723441
642420
68609
618647
250286
811700
75806
313154
135244
432149
877608
215880
719150
495021
182683
859732
384150
646516
840583
27187
633642
727093
134391
374059
842228
859732
595120
447348
790976
351193
981856
893689
830119
299772
254081
828450
8491
865828
132513
282644
268656
4033
436434
456884
634632
523762
376927
924391
123307
219813
926902
852999
906518
200620
353553
795415
520613
945577
702650
163452
807225
213979
863582
634632
769885
162305
523762
795385
733761
912126
743812
134226
140895
859732
615219
874597
776498
419773
781903
386283
409830
90156
57542
690712
395330
795385
672134
568332
376482
630692
66239
966012
555024
223526
690712
475863
154653
747147
421950
64419
690712
74
848561
448510
706358
281820
222109
467961
391172
7997
706358
702606
696011
926145
917650
488412
246900
33216
780343
19841
163382
491974
994229
555024
306448
778219
991991
681751
799526
770187
693842
843470
330519
469267
202669
926240
955458
925395
769885
417232
182852
779764
963497
125192
14779
284582
637002
378768
323333
803056
334641
807225
830119
134447
848561
807225
877476
74
931594
428210
826142
43422
140895
236348
565888
961004
658022
878819
665752
43422
120929
969558
653744
493828
695550
945577
605102
15810
145079
247813
306192
582288
68609
306290
75806
860522
87744
176215
420118
694751
200620
150030
821658
493876
586526
182852
306448
780343
689370
419773
927679
420241
617778
955458
904989
563861
233050
816232
681751
331721
233358
207341
68609
617778
19489
204488
41825
885923
391172
582288
830119
899686
909492
336544
532196
854877
146222
569100
619896
817953
405629
650505
577506
239807
19841
326711
426404
601259
449208
926902
781903
193963
281899
822189
342613
623567
463484
474798
568615
619896
779261
842228
342613
43394
470093
87303
784312
2821
303293
18579
29802
268656
964685
225537
419549
146222
447907
302205
577506
142664
173914
963208
312759
851955
945577
961673
327003
216598
403629
585758
779764
391172
779859
840583
577506
168770
442989
877476
581623
784468
554685
79205
843837
246900
916615
807225
290523
539876
116444
927679
227811
943051
852721
222065
317409
896438
620679
369190
121295
937749
112393
28789
229972
789676
253536
623567
976229
695550
820874
590553
588972
889513
233358
931594
507088
184396
996976
801683
779261
409830
594147
237625
822189
565888
874287
840583
48921
488412
981856
456884
73985
302469
319613
851955
480245
510028
768998
604677
570708
19841
560167
646578
490998
67556
426399
449581
838839
599207
807225
671705
374059
704544
769885
432404
490998
223526
981425
470093
634107
665752
349403
332934
713541
727667
463484
125850
404763
376927
120471
182683
268656
193602
917650
622820
723362
93139
754717
330186
236429
284582
724047
4033
961004
490998
16199
125054
