105606
399306
45492
38602
132316
36743
752186
686340
484803
450104
187799
674662
971748
197514
283068
104981
8495
350086
763839
426904
622818
754777
850329
92862
733995
475145
82171
949045
115184
578551
771320
342947
227851
576880
851037
74627
300401
15499
742582
599574
425226
119965
540755
78503
635723
185938
853486
458112
490191
152756
341948
519652
502979
265150
811793
152092
842922
892247
935121
431361
903387
257477
886123
260045
262686
271945
384003
874181
875599
549478
22225
570012
184409
750929
932587
887923
909162
199824
503499
101487
428531
283176
20753
934458
852399
892414
223410
998072
922284
944872
532199
968086
671964
914671
384037
42692
282550
570774
195292
378547
229344
741303
512894
85987
318637
146387
306967
774604
126703
644779
834748
450742
199882
168087
970959
372921
508570
362177
670479
956459
528160
87625
47667
180157
382145
503266
594213
410867
555805
163815
390083
634882
897670
553559
919507
830293
735603
888041
495651
336451
994680
318374
579618
819821
189844
96047
880070
144912
127149
432753
925873
297390
143604
406201
290924
948008
100066
801408
912810
988234
791036
774408
998083
17342
754656
632832
669416
88909
429706
343405
575662
318753
265335
728288
342630
192862
634889
266384
682011
58262
168083
181794
756004
761783
361447
339381
926259
594059
349218
844856
335654
416451
774997
524197
76749
390180
296346
222022
150458
92505
154966
424296
59856
813900
512437
995809
610331
910366
508039
417889
20415
729478
7096
276202
700144
991890
888749
562357
632207
316356
844873
210626
637978
412938
376362
798225
371827
958180
388448
748685
850770
544488
986692
346657
103411
533230
190928
293063
736571
615434
852275
501416
295803
57981
568973
746468
262476
169031
952800
305031
11801
860298
887093
303493
809226
242040
908005
181163
33454
387279
499196
956418
234387
502128
919052
443907
138452
115891
720494
548398
187555
289268
415421
687569
714563
301280
237270
960027
553126
613339
862866
297177
798602
411634
602843
561650
812970
869565
262398
178893
222390
30032
639729
854242
400404
792109
287040
973147
952524
866391
240308
372101
570055
851494
780575
823577
166664
668420
902744
969054
586606
591484
214833
518087
343747
508779
141983
774914
483401
252137
232199
440781
13419
281555
702100
578851
774688
624213
457949
676861
196680
40353
933278
493213
861505
907234
133820
961795
832057
209616
158797
570077
822284
933602
573948
820655
339729
701758
263586
542732
44577
890004
723969
342986
172604
495555
742567
872837
409853
173455
666896
323948
57631
405181
199303
869040
15519
737938
317197
114737
810767
328846
545426
493947
934646
82104
23852
529394
155490
384396
454738
274808
360893
638466
337279
496742
757549
93757
697855
712713
151894
889234
270992
195536
563571
560334
138678
474904
34514
92833
481828
758449
681635
9237
644018
269256
102434
71435
295454
300359
162724
559604
221496
433333
501086
572931
70707
749187
414878
385896
590395
978778
410862
581932
207256
487074
121862
784047
620770
995637
289862
485561
300016
766763
825457
723870
929617
997328
651356
758327
108887
558942
348818
980384
197786
783293
114357
337528
427211
300791
881392
605631
240105
880708
550156
149257
456294
380737
572072
520842
699074
327934
866253
599618
454113
527526
427438
338873
708116
208259
438697
802683
396835
31356
52485
464028
960749
993964
35991
207333
258736
242396
383003
93153
53373
309043
9956
841257
539118
696607
477586
808252
795583
15789
60559
49198
452983
809713
715485
960972
994242
449447
772079
189176
660612
801200
564398
459074
395248
501002
132800
999023
559132
649352
423320
807932
446754
688443
20626
145973
437772
373373
48872
669015
632195
151942
920044
480892
768633
680304
524195
219631
315233
846286
184425
255274
81348
467370
433140
821306
995378
998153
880968
502514
76594
955270
593387
282406
108705
366738
53799
28608
315076
995386
670748
716003
66084
289343
764825
656340
133339
396716
842544
110921
926660
983232
842083
926980
561848
292598
660974
872609
998373
617301
236366
686697
285262
587303
396502
849700
349269
205472
2773
359764
637992
238184
665430
60851
681856
886864
14116
593015
75547
882076
311013
503350
50125
911623
148389
582248
947653
27629
822034
337140
304690
39029
78146
116672
630442
839341
61198
220660
407041
840332
27408
246776
395357
298811
999484
713756
814511
391268
981433
75925
52253
891343
972945
356587
133889
834103
946786
298651
696284
927392
924810
265710
966331
294669
298356
748356
338757
600348
128324
768462
472280
774159
30471
282718
899746
812020
210694
147992
942082
636848
669736
345097
88138
976557
295588
807628
971168
710064
271276
383714
766686
624120
562708
416282
886672
591579
48393
754658
976494
598812
113073
3433
372093
423155
365541
148176
994016
736068
854796
209316
753242
885445
602236
166544
543027
113277
268863
59123
946939
126855
426112
933106
773345
112505
848651
69948
802608
661173
651088
505544
599857
17666
150571
881287
391711
732122
575880
860209
300457
246090
613534
469661
624805
740600
487852
297454
714407
475087
773801
18715
273064
995076
72466
513445
192171
257452
938148
942738
731983
104025
14415
94970
242720
524946
768770
738897
774362
415702
14572
634253
312223
194529
804497
1054
75914
329439
890239
538305
492845
437267
264913
836833
309126
879141
484161
247457
232380
621120
971770
492611
894261
515495
131922
660228
949131
757586
786230
294404
131795
530039
443618
721289
806474
851605
771611
708524
490086
963152
761133
569029
840356
258063
370241
292895
386116
91507
276356
814719
462120
937902
125871
792890
444358
598568
156639
136516
656480
897551
882692
628468
112707
28023
95723
41231
283920
651525
752111
65775
131903
999360
145498
617753
212532
419590
128777
815894
100329
734087
203429
588185
464106
535379
188018
824654
758425
999676
175528
396246
715646
27938
932271
372912
117383
360201
40266
223767
363872
13119
308252
324200
925467
90759
596462
188235
655366
3003
391573
471646
933201
859188
980028
849796
21126
980729
386884
943426
976285
783199
812332
192074
166539
956358
42877
472389
275262
792543
477373
448903
952254
456558
958471
761950
791259
291927
676776
372086
28319
950371
218877
607355
204957
649470
586296
676950
891397
390255
955499
906280
815379
590172
500188
881590
651472
500579
176277
725121
730808
777937
717963
607100
277450
438562
809666
391744
173002
919909
108900
731982
468120
381908
603725
976427
325433
269135
91626
590902
69453
643064
873669
916898
431350
140962
101514
550211
862014
494726
720245
912238
525252
981382
372752
936121
432251
752086
937565
496918
400406
15427
182025
747112
251844
138009
641048
553351
405369
500397
667750
343511
52247
103198
783863
535053
394990
368969
921696
505611
621927
111070
167845
974006
650440
641652
262719
121733
364459
25189
30971
81808
185805
313601
866886
786151
378795
970799
217459
495029
110247
89029
579653
673638
250519
177626
518930
552388
922584
410267
477179
659625
457880
869599
688429
567656
771134
942107
114176
663731
157413
638292
755110
426874
466171
854959
503324
907050
939999
225735
587453
273878
766645
14234
811067
726756
655109
183617
725587
868681
67416
86700
200838
504797
317982
570251
885251
190665
655398
267354
453134
964474
686411
419194
141398
748374
952137
352416
134113
479861
993278
511883
158057
434921
929499
547233
305716
282180
913919
833826
587264
436954
463557
157177
976860
533126
58212
783839
389845
811822
834946
583036
14744
962273
243923
126287
8343
382877
57309
261117
407917
600998
351159
867750
799830
207337
546424
54393
81526
63534
432224
298931
432778
929315
623011
38833
307519
415854
9308
8228
650397
295206
452369
546548
220842
937265
90261
798280
899865
146740
853120
232123
755360
661165
981011
365221
32241
384131
646004
370672
619076
74977
986896
157014
709823
74649
477530
799496
178804
995057
540218
201466
921613
924412
827086
438726
310312
903090
176207
443087
914838
453989
380428
779794
92632
669181
967059
815920
694203
636251
981624
407855
399223
199161
613654
755370
674938
75599
992973
111109
591595
422070
381868
213879
492380
602591
728138
782012
236037
801291
51003
195476
610987
804944
972817
781477
970201
90462
793232
65579
249225
581913
823141
756205
120838
876583
935934
963636
516233
771935
810074
469269
600640
62660
752340
644239
245416
387167
49577
185976
902746
691912
399981
277807
996824
772112
814809
459354
299096
126522
11292
744533
76587
513522
284475
675729
536051
99740
526308
414292
921855
280122
250314
178338
269022
173074
924740
355153
28536
226173
174985
496014
387504
355968
312434
814533
318755
978029
541462
491634
29292
769240
722041
84901
662144
564350
688855
963094
857752
604048
149940
838574
205687
744253
751558
312264
186078
387244
485236
138531
965783
94871
79948
262248
137317
48976
895683
196599
401959
161811
500083
569805
841723
582434
179588
822910
979267
721603
985835
879555
596562
95265
499316
91049
801471
11108
562436
624270
377586
127026
991851
191620
499877
665800
403418
497345
481136
22920
370398
582557
538078
280069
289161
57409
689604
839504
651685
165646
976052
623683
404889
1329
50183
881426
580150
682279
20776
71136
788850
150760
25514
886256
739051
97154
693868
99152
21128
83475
320130
443471
792120
186757
700364
614405
621147
879399
674336
194136
481545
173176
776453
931904
556254
492834
102187
652348
167258
895548
537464
447092
847357
191959
368383
727600
574326
335723
261951
467220
461034
527788
100194
695061
744305
390562
41911
991795
659126
198415
23219
369631
981354
164638
104475
385097
294028
481457
923055
697906
458843
559091
508926
758596
86170
141516
713287
720864
900344
628815
362755
654645
69889
49315
624314
329261
372026
765246
841834
927168
313016
938404
917864
525636
940633
185447
878833
846515
999396
838640
373640
683179
855500
642977
657
206098
451990
730563
682649
179405
794893
585500
800133
740527
88315
626841
993732
984163
513322
737480
712865
178181
462369
355464
6528
270486
520975
294390
272557
66174
479161
884886
817309
454751
339734
426612
502032
932632
194189
538470
29857
946001
88735
868142
500725
401186
247123
339008
105326
763827
508769
779531
872731
630522
449768
831927
65984
846062
571427
120942
896919
677281
469631
401346
498490
282174
230565
519875
230336
904971
203362
803334
511405
409040
319105
434192
439871
506056
766943
902735
64939
756264
479922
809159
748056
67021
315946
194132
555028
106078
280773
314023
611171
788292
340154
758550
150691
79048
88803
941589
835074
539012
106991
576316
603210
726629
703708
799592
758247
124764
211843
133154
193235
456086
160633
845160
329127
488248
170368
299296
802495
153668
361369
72321
729541
594343
55294
996998
576249
360312
974676
787618
270576
219351
645113
613890
965900
666330
810092
134490
849868
394624
642070
259319
298729
136982
753244
268667
900988
331259
826919
823519
402809
790950
66138
656219
147385
66462
99757
555551
239856
557912
479231
617350
676197
665073
552100
516861
468935
527894
286795
173041
291673
512180
512140
621418
92738
6621
868486
687339
440911
564393
776196
764345
135286
92024
629046
304331
121869
789035
282880
786630
256601
891391
943261
804357
975626
393814
94648
177652
149291
61328
172324
51959
439323
181698
485039
170902
83860
952363
934074
473148
672965
633641
124128
902225
636755
275943
146975
123138
863318
14810
482701
43626
468824
436858
211626
316597
152154
529239
249024
71187
284877
147360
672982
705815
5839
266194
13475
814414
837345
535469
372254
124127
212594
783701
696068
877713
958599
888219
104195
785836
797939
869072
523249
526285
992998
679955
19953
774477
833530
212541
398819
471200
94303
310380
399726
65752
748871
306338
523577
438956
422978
870220
452141
594836
141970
12696
391276
345322
14661
626773
491270
694968
596053
471671
769452
810940
610807
500981
756370
184990
27924
872322
848240
652856
38016
750667
207647
528418
309951
832418
753270
156552
931633
883871
651432
607091
872312
934464
247982
206434
724584
824581
851755
417225
191671
921515
266017
767616
619683
856697
954108
64278
754121
529075
454347
46065
887303
151796
397263
696504
978712
996976
335513
761264
716741
702298
592564
438978
889281
283240
453612
518273
227666
306780
799446
435964
621931
636604
212666
423728
334705
23129
885146
554318
677721
759651
472106
979021
310759
831526
402544
594812
438263
48098
549504
618100
274150
325805
946000
100154
692756
581798
297386
756630
46127
92987
507802
970968
737657
908405
256342
722891
530619
241254
409495
475397
575852
565457
334864
957167
209815
806180
410745
572032
941951
389955
664903
416287
860261
789719
791399
931203
392723
716454
85172
970876
897090
366485
145831
856842
142340
363806
9501
155238
383504
401568
496646
802262
737216
10034
993002
976236
773529
473474
958740
839223
813723
393791
148838
922910
628548
672673
398849
299541
631796
807428
883411
356827
584916
354982
944977
116876
221341
752705
677414
6241
284547
136894
124761
130236
984504
467459
520225
80684
506671
718065
553260
743926
614155
191183
202437
72794
666488
748852
648132
648224
369433
830124
589421
595825
544708
149071
580419
192522
495476
944884
871237
647971
358514
593331
780294
62602
538924
406932
941140
671954
350526
586618
133502
189187
469853
84830
644318
766530
87799
433978
408376
90696
587757
775926
539832
168814
732946
954432
678694
46590
879910
110657
122863
524427
667846
539568
653072
431518
809978
205463
713546
160226
834771
330303
831162
966151
287907
490184
87670
541446
936905
123767
532094
508834
954870
168847
344640
11233
233801
109089
642394
681004
293059
717237
210529
592640
44284
240635
84678
38149
439367
239435
402394
224689
15248
8720
756420
615986
148485
921949
572683
319489
404622
593415
725588
692381
41122
831000
661214
567970
687110
488359
892834
98028
963828
314421
872625
310644
14374
503183
611070
204360
980998
68341
877712
521438
985601
571354
538566
246672
969359
208214
265863
841775
75933
408606
758486
116992
210749
469042
879441
572831
139162
233587
899517
892255
651268
234159
386352
958748
309740
749048
792259
468224
252379
114980
550186
632594
88977
263155
907745
20953
641181
906422
991486
567450
194935
273866
743011
813627
389451
667883
90685
778153
457700
668107
58575
949632
954921
170590
254396
692982
307954
701249
843025
157814
610298
556684
736086
32848
325897
246769
420853
435320
531230
842434
848172
434704
604182
780439
161501
972712
716355
762692
306809
520764
43836
690923
942263
902534
426970
660224
964246
352689
39710
817697
77177
593051
293053
596797
566250
631898
731229
849898
727835
661031
533080
564729
509597
733487
967996
570901
962665
496707
923987
952164
688271
188178
601875
944805
370852
206379
183815
688055
954129
598066
992926
969049
996028
369410
199971
978291
771804
21104
668054
533601
642270
57949
907980
846563
798346
879667
349046
473739
133989
304926
281380
573576
543531
746253
653880
435603
294159
294456
854343
490254
667132
441406
535070
845511
282159
987506
472928
205187
722503
9472
251305
497440
948401
641836
466963
528865
593282
620074
495073
102968
243083
135714
38913
138370
439856
223593
688449
443512
72472
72468
75385
978090
180096
815131
163164
61050
690065
47670
370733
940575
684771
168232
681971
263535
286359
67077
591041
786688
157233
320322
881950
785439
440757
914636
817642
130088
358580
766080
580847
861984
112887
959117
649369
478573
406350
678073
516863
570177
24724
471911
5441
632666
526894
534284
847503
737719
404538
888906
706969
767225
289709
253577
450434
816151
292253
85230
434575
482009
84432
793837
796419
666151
301620
207970
186445
353333
576949
874220
774970
562266
719268
144365
856356
574573
508857
499396
250738
207699
68552
69685
623412
661184
323248
679468
86237
39951
225887
764659
436854
69024
809089
205
667681
891742
362495
643238
467559
419523
47369
250065
425934
336585
468056
279991
324429
458955
148685
590028
199168
344588
11153
723130
598845
939528
276122
105959
857995
310411
971846
239986
679789
877652
611284
154691
833150
593303
576281
682470
810276
687025
285405
464637
38908
756613
319482
70463
925436
268677
820505
679066
274960
872290
236145
104949
305123
198874
680390
32511
843982
595010
859808
416481
867871
496822
247415
152489
229120
527414
387883
27046
387036
962015
990102
536982
210656
744186
471331
91177
108102
433956
753229
554858
604343
673027
433256
919745
55656
313656
323030
935469
647432
369221
174378
530243
37763
76805
662491
262260
319840
808923
682595
622743
863206
515258
733837
863122
665996
670998
349318
661899
858924
954448
818393
622692
371524
53443
109225
257763
691093
312700
114479
938104
492192
645131
255787
636669
357755
646298
704537
737090
536597
496515
534675
697773
103010
512809
141360
671008
750368
465382
514525
226729
530997
105797
810153
448999
992577
911632
787028
8931
830847
771800
110412
400967
96708
241618
123370
570196
767229
146459
586496
556445
635420
260337
610610
465354
559311
336846
495553
541501
417458
377498
220004
552698
790805
769517
316154
989520
141283
834538
165589
957800
889954
983042
788121
207507
562826
885618
88765
725682
404481
465752
614615
329931
497715
153978
143940
920169
353294
694768
241695
79292
808685
233986
842863
195946
244447
968235
747457
893589
774949
137810
363317
841573
73942
478155
993195
445230
303672
117692
384953
702440
300267
727171
523654
388072
70382
284094
885239
555684
178386
510345
887952
25414
73713
595780
251491
252703
477427
408001
541455
268891
142174
601847
272197
401030
878978
960352
64499
11510
570858
330003
687356
354439
634411
87715
893747
299793
296925
492119
826174
782678
788843
642007
843736
235023
331863
913371
185730
330427
50736
2304
175040
124038
256174
429639
298823
253116
475420
312606
338286
883096
114703
433429
63313
197414
463433
479879
924087
192036
424980
746819
323440
47891
701606
812354
536553
885019
615877
867203
594503
559337
702677
706369
747415
845489
144266
989589
617112
421838
552271
762732
441996
332196
667220
820378
149802
519132
291595
616335
100219
351713
448699
491802
27950
305961
388977
86990
499794
104234
656649
251599
866819
293348
714089
116576
217769
198228
819842
685526
471433
856390
511119
255025
706853
684137
244156
88702
408282
293631
675876
352210
62720
495001
756578
308949
210325
768636
501142
101197
719749
944450
222955
149618
315515
318584
721597
533069
821519
253383
819270
609279
765188
549385
96151
501534
262989
116726
795779
326119
452202
446240
679775
818937
328517
59094
485071
912724
666603
776666
288497
579100
857180
646024
869866
452052
976957
367937
833496
778117
243899
170723
606617
256677
531005
43462
73595
198852
836907
681119
661658
946747
94210
332957
998136
103934
897856
876219
203213
582341
791733
569219
171392
38860
352074
310434
673852
393094
618328
803721
410120
934205
575154
914024
383738
635212
14902
349575
920601
743400
248505
426408
705562
366248
302542
929565
849364
740447
391475
13695
695802
945279
341969
773783
173725
764910
210002
829376
37357
813663
232182
284425
76427
840786
435096
647204
612829
154928
735964
245827
215375
222376
69659
457751
575775
807868
55341
348777
793314
723748
902992
163874
816070
792577
202041
358680
931213
724878
813374
977972
847308
244345
580456
85495
144641
10264
294099
830566
695619
549004
657536
644492
536246
18137
464540
476809
497511
893711
791615
633239
347691
883485
174054
993873
308222
988417
352605
625761
818400
756493
335225
768887
514604
577405
544904
957579
473731
983504
769884
530721
52161
403440
782722
849240
75368
750881
961755
273797
969674
680139
867635
793034
861197
486851
18891
613824
240346
617359
240916
990595
534077
94298
556360
896749
195619
902684
51888
516706
706852
143572
658031
439594
460762
41377
540057
230660
635356
620153
398739
136351
465682
481224
690411
739689
443747
664715
70618
373450
924070
68620
116918
582684
219460
96957
274702
209470
700678
882403
354009
202492
942485
603351
219116
757196
459131
719059
350887
695437
57913
455464
788905
757053
354387
661039
570843
779640
498535
693403
353731
613456
208826
573720
873746
893640
847717
184411
657597
326170
200544
126695
437432
318341
37692
493053
473360
840901
309288
902723
877852
928590
254152
989703
872025
941668
369175
334828
615204
808053
800185
266650
236621
392903
847590
642250
316519
394370
8157
489363
191325
727222
629714
688201
944094
803009
496892
542367
678779
90969
383572
643231
112099
615988
368227
705173
331716
804221
139060
813595
505028
827906
956393
739361
935319
600630
203670
555832
393156
907289
654790
548194
516489
981873
782419
213665
602628
905628
582009
767943
326965
819583
133813
253200
981529
179490
483553
351099
901039
483592
588535
778588
631060
350132
649438
121176
375977
774698
536481
149892
828759
564653
109507
876500
656069
776782
129155
943307
816517
756676
62473
82479
803538
838928
325037
703007
925826
16482
414331
739103
158614
966352
980915
231142
203836
155678
806556
298058
634705
1357
493088
300407
127096
60250
195254
220981
249472
828921
569942
153010
717610
207650
595580
365854
130610
212603
947085
615586
663636
182449
919059
252667
353716
8641
259152
219144
598834
934537
223590
355616
916800
565409
189879
45029
140952
143997
82431
666907
570018
934750
68142
573514
970860
268636
955337
10028
279226
299902
824362
218198
94132
59633
275151
869668
238633
966787
648127
411640
405821
414131
244418
573306
255835
418066
503996
630059
353700
522182
593540
840969
180553
885492
548638
796719
219514
353437
702841
164228
735696
46441
567306
267059
160358
94911
598714
604413
595664
397902
106626
342696
995724
642989
372780
354604
109067
113885
889826
633778
102249
25971
273977
151952
456550
593722
996276
477670
705337
908631
764199
944315
192681
900781
106141
703536
956801
479642
732769
568242
178664
117876
446944
74783
926728
513377
446239
26502
674821
430614
525635
789730
733731
479988
206291
1470
365752
503284
224586
936526
504606
156301
935117
620230
309694
926149
968092
792270
989101
848956
666996
519576
572389
482987
701867
305335
107152
910231
317494
805675
834154
152798
151569
276421
768619
769407
326427
728571
905031
738128
995467
361016
140755
192945
689127
832242
379426
708791
348157
359812
810898
210313
372482
481202
898362
99793
331692
570464
313251
102015
228339
912574
568744
905596
745442
745236
658949
970990
23441
557270
372634
140615
918105
555708
739942
395796
913411
740518
223810
958913
46309
20503
536757
297727
233553
147959
787417
183485
57615
970714
132521
130439
278284
666539
191364
785121
100266
159216
856259
354668
634946
562810
824094
609228
213009
619418
732797
766323
440039
765803
926218
704299
136447
531760
290543
92424
385027
270071
319432
901209
975866
66741
828243
447059
340422
847599
513565
335458
521972
281140
865347
361883
497695
34377
312028
69771
805960
37809
69605
384100
773725
988692
924612
152328
756154
878596
646869
4822
114932
539781
578361
230080
574979
496423
332300
929280
962072
661916
244083
428864
306859
707266
925472
96331
49808
30920
576933
203693
862639
128670
897049
223812
659827
935791
791606
603764
811191
402082
821251
396789
869153
591317
687905
785136
528691
69953
548325
881725
443109
242586
136904
911320
605660
319184
712936
203287
599654
291148
910529
809400
18307
206478
803599
236236
348414
234585
246045
488432
720386
467814
171624
164339
68144
970463
818223
427771
783859
361151
900954
530736
914699
565755
754261
980302
967165
509089
122986
57933
329827
745455
680515
782895
858428
553214
192973
19965
728387
365919
694708
19406
218973
190245
552699
963898
149824
122067
550559
104336
501617
795778
542854
483130
568690
262251
27400
916873
326125
998624
659652
62788
673542
858387
185924
27264
164850
541835
766109
682097
223358
92381
360079
578254
310672
663788
753399
430424
703322
396936
371447
260269
538861
451886
310137
160985
400210
195818
531933
366487
532423
113795
43891
656572
74322
98868
695610
32885
575570
599285
685546
733631
781803
458047
698431
332330
977827
538228
621368
718894
395595
715740
594998
92916
932114
468130
167043
126639
58792
743757
532330
537706
870589
421115
687835
493580
372587
656451
973600
843705
6484
158583
510624
375241
845531
892006
757373
389215
499485
746749
856880
440150
634900
618556
73977
253781
361063
557835
995623
277639
656765
35270
943425
281581
669093
323202
568164
652303
922402
200477
96645
819786
31804
856885
880097
670795
371328
389201
996188
791748
853567
342036
849873
397613
160927
490173
531995
561416
264588
819004
364729
433895
685039
237463
865103
86400
267578
753968
469161
648800
154659
809708
849163
939387
520159
718635
351395
602542
911071
165802
599455
793206
69861
501786
901312
783941
745186
297759
7464
126064
846540
621017
971497
960096
495100
754785
754513
945887
310831
78344
429661
565729
328553
571724
164405
335900
448609
474352
125357
657315
984565
767928
131559
220415
557913
585708
679436
696225
274783
508691
450936
606566
864766
718555
27222
371803
176522
380173
203443
940039
389762
608817
846934
952387
132967
945318
114720
457939
831283
199974
920996
456768
486797
67512
248512
297160
739918
353712
85173
521202
223318
160726
435550
714607
253553
809005
753630
255996
408193
236626
13255
850509
771080
58669
810758
59038
36576
303869
732685
186313
634765
665486
180324
352642
585604
928552
555954
380562
325907
995934
188825
864607
754803
255288
981664
77514
593268
113769
395704
551793
461301
483667
73892
344980
843747
829810
602915
613415
636582
739188
862900
197854
466434
196442
750394
8830
531049
581537
117245
612724
893335
94124
288365
191637
84592
212456
31784
1289
999244
31338
65630
690562
534320
237417
270834
332996
442366
348205
43642
220320
360775
770254
462668
845166
51145
721911
710929
761830
466155
4859
819170
690514
527300
356778
137862
967694
45227
602936
664975
916162
11291
266260
953168
894190
232014
355972
997087
45854
979235
34122
711169
462400
472145
634760
58215
977526
872421
103389
736332
849268
952250
801436
893528
278271
544419
689925
357721
255885
797798
549062
953598
515075
646356
958078
93192
210972
735938
691086
311623
952928
517781
952082
714309
930607
758833
126775
94402
403422
984987
247326
830431
926003
740572
459170
719958
898847
586363
520482
343177
844648
831903
412372
571069
112537
318326
815199
553068
860632
194842
805815
886081
231275
927058
639665
696681
966409
833648
4270
697349
236351
271326
939785
268029
127440
479013
909497
17191
176937
716309
109286
797097
627347
349379
671320
254109
995829
476863
695423
248406
968767
695011
244392
809135
867920
613983
90520
336032
708361
670978
273539
197363
606779
913046
350048
836072
560177
218230
600557
765447
527618
389905
59224
983293
739924
227260
76084
403716
224293
61293
171182
548145
885499
241313
167087
833659
777853
898082
608867
485860
230621
148873
464945
69846
882730
690931
27318
30297
932018
57193
727669
919568
46099
630310
780412
813550
532381
234738
628180
221020
508833
863028
339475
799976
418197
748370
410399
738724
748805
587040
434506
81182
145160
738052
863683
939975
799096
6096
535173
897231
256010
127015
765010
599498
13055
879264
87822
364515
626133
310839
231854
336962
73804
320492
535171
51532
139472
121052
290680
12984
170386
350908
376401
897257
222797
161275
333715
23126
201433
20438
197105
663781
13234
725581
503330
203955
408660
649005
412074
626451
534531
321984
727433
523556
9702
711795
913574
761159
75557
567054
323291
643811
947433
896769
894906
606479
880572
961822
236480
289024
549848
342097
388559
115882
723264
241461
884354
672788
681664
71888
766830
963874
260131
193739
133943
309817
514740
270497
235210
505164
374
546652
740444
385478
248646
512330
634821
948936
989231
681781
46106
194037
599696
221033
184334
175661
858644
285667
723616
141979
261924
498620
892543
935106
948793
787873
733394
462300
891308
36081
35702
849407
469449
816226
646190
66704
505867
16526
734045
529649
55589
532869
39019
144566
345330
934360
131537
500749
539102
805669
96034
869333
406790
972362
960899
932112
630388
232676
312109
19405
966518
140290
705150
245748
590403
932061
537308
561436
761699
861821
946639
434916
719282
783136
902264
386181
506204
575194
6175
981958
277547
947039
54823
537106
603609
675122
94288
78947
844831
801406
886977
989776
162905
451664
139857
501325
652279
273272
670257
805808
949254
29598
88829
793477
765528
297485
793704
996689
636037
449290
949366
292262
102985
555943
979609
835156
805941
89069
95318
425026
866734
962703
381569
307577
716325
866306
612998
733906
391469
747540
786708
721992
643074
945080
134651
861308
742615
846557
216911
685479
131330
641275
284884
99612
846072
453780
272747
65733
335204
988669
730454
822503
549257
909068
494885
979875
685071
83399
941947
273951
444297
277719
411978
737955
6279
723981
766573
736394
349842
185621
556863
623287
40839
551835
750677
752966
144016
235436
519204
66962
209107
903911
939911
928583
685411
330769
117495
852584
597581
400915
767580
721663
829286
927937
211380
154379
68150
77979
504741
772743
857492
148116
867970
92723
84014
750415
176592
539119
820143
379534
547580
140348
494312
46164
102591
695421
363390
966005
146076
394773
246237
692210
473871
180845
976192
537480
310671
465859
460912
453102
147023
344443
117095
594714
73407
325996
393563
996050
292140
344735
163577
308600
623675
809890
364671
207916
576809
960255
638837
180047
272418
539261
700856
884182
698310
946012
887219
841382
132140
999860
548886
452931
39940
936865
439145
553694
382792
747953
676238
675063
120634
290875
303403
507189
343099
699389
775388
323636
877785
300104
893418
667198
798046
712045
982067
704727
406103
879560
873451
888831
852122
667307
592961
341613
605971
7346
197268
132752
781627
560487
350681
408529
144901
312852
540542
7768
346585
41606
577116
465151
832032
945454
932884
315992
203162
278598
702050
848165
170264
33080
930102
417355
305391
994872
558177
175810
766985
255269
788755
458060
202626
892508
759210
58285
529051
664930
801673
810287
814083
159955
619977
259949
71954
857610
634219
484606
27358
344217
340876
711289
35541
349351
557502
182736
107567
405059
282669
883355
505539
542946
309424
608315
15785
495174
996696
252822
52780
699557
143052
675218
241571
383079
457640
857845
488891
805458
993378
406689
37103
303330
12870
257234
257756
581230
575231
485210
325712
45552
655397
170456
931334
616889
16360
364725
148011
620246
781694
476826
948982
102690
986365
954213
823776
746526
23305
927088
143374
222488
190547
222786
73664
25037
159259
437623
852261
804916
515392
618519
55561
930820
643040
49691
189117
594944
194326
672964
68239
160577
819339
691138
308984
667449
141403
152499
706075
32813
373939
389374
554782
265019
300235
756561
512799
685901
21765
310264
596494
559102
368068
830605
912308
740502
414352
925696
116238
593785
5959
487407
440964
960374
685070
192728
332035
304641
251421
35760
375818
316584
682873
354465
308720
506110
35180
417515
48304
41442
203665
429308
628156
530213
255642
728925
773703
211357
252074
841908
154986
951721
13853
766586
336090
127841
820554
785361
846024
201677
172203
620408
676581
170217
106385
316345
391574
710043
189205
669262
937960
306018
774375
352092
270046
472528
426044
877443
183498
404841
417390
419022
955860
809258
555825
28
220950
517659
331938
654178
725517
341079
139449
113688
407289
40319
286262
928713
91843
254394
688062
351952
20916
257942
167483
288709
838736
670040
403594
268755
85631
849292
811679
888380
186189
970357
572620
754224
604052
641507
127248
924536
868884
744218
409790
438652
363387
285903
962878
889991
857838
92909
505683
501852
843384
954783
575820
97346
895597
925272
930732
675250
583933
91809
660660
697197
319311
547692
163974
778293
80482
186343
131002
914713
528637
321871
484815
785148
679975
651380
903251
330751
917685
972912
169484
584481
758858
187677
415092
690048
673044
941630
594090
440617
312669
916234
804452
131418
81874
14606
475823
371752
362759
888263
284922
951618
425321
852593
240480
683699
609272
662337
710216
728257
466076
482993
805895
825535
956961
62614
218125
759471
827705
152263
906428
821919
431632
890495
509214
366324
405299
976151
992430
673470
320080
195615
173766
894610
281182
879945
236677
197768
570909
469189
327507
3020
544507
206875
577224
979227
980461
673640
19178
197136
403619
376232
821323
816283
780200
665820
302487
541776
199748
885864
158462
809731
759427
618924
819539
706458
116812
593414
221171
485463
334128
8513
599664
339804
744244
230466
287441
28148
653577
392209
84119
738387
519709
336238
862687
128557
6622
311930
767905
320225
116716
792038
988471
490868
898821
267529
533916
101288
882083
911336
601721
359726
518182
714021
910478
755971
337525
52698
220508
663219
319102
175269
868776
403862
589978
958473
297622
651950
874011
523351
455216
928759
265073
446706
287928
620297
397949
865276
438768
49071
917134
709140
210828
550269
713430
588939
137755
697782
394115
698780
172921
247934
296344
34160
335292
441801
297956
224327
417044
777411
605948
703332
207127
697897
723039
204979
150958
726631
560477
390024
465953
237306
247060
346956
916137
898448
404265
184604
699216
723357
506269
369293
836031
984635
884211
535272
193640
733079
703151
311736
484903
574486
583135
206997
208712
441034
522324
388184
274736
568130
245480
382423
789290
679265
806962
53354
352365
439559
958136
684986
164270
121811
205784
374032
661621
361799
847998
295202
758723
716226
9051
685435
452260
305654
957870
61487
588965
555299
717146
185459
525132
904473
871412
389428
637706
867029
86991
40587
726965
593250
847538
577286
944130
575538
946555
204562
698745
983317
638487
596210
711268
796039
194413
571363
177459
871528
743468
302322
65062
698436
293184
626201
900041
921319
473105
670670
225021
878533
875322
895228
770691
486040
968435
401180
713676
892704
620098
59782
712044
592933
419380
916546
529905
62700
43364
349894
859961
298543
328470
384232
506045
950167
801760
91752
737956
25841
358130
433477
127093
920950
302981
928129
324563
369136
542768
224332
503889
622246
675484
264451
508133
752697
319198
24780
594261
953677
11863
909267
4022
759446
363762
157841
8003
56057
186940
237307
159855
704211
403296
547743
802215
496790
821472
407740
127931
53409
848414
599385
746251
52890
332839
859628
388351
614235
69049
74975
92306
886069
740238
246931
455932
990090
13295
221243
555006
881443
421535
271450
232682
590007
275656
661832
761355
676330
815079
598770
170070
343670
807014
277558
105307
620878
151650
149289
666403
858995
906064
637514
410689
910933
285108
872964
969353
933051
912056
748090
115857
180923
69434
745877
357424
134911
885169
34612
821848
202215
26651
318681
884062
909490
265688
776816
349352
726923
181837
819178
66009
548861
191127
726836
494389
702520
641302
727390
203817
532486
201877
894957
329662
659927
899106
54452
149115
145442
246742
89940
571404
317669
369915
653448
595049
459964
531708
793550
24689
233300
978949
946208
381827
251293
75493
573550
451463
9072
888443
115467
3561
231353
7400
831272
460404
929156
744741
577058
881257
759006
386472
371897
955132
296328
523279
120184
594364
753716
476985
281891
953599
256317
217977
48675
303547
995118
122404
382973
577593
389141
597492
641095
486842
840875
92193
315001
486091
834623
601967
659071
774021
581390
373559
581132
787467
196074
324828
832797
980030
865142
656947
6954
558106
181242
460926
437222
607287
54263
376646
541599
32939
964729
229612
735816
652878
436869
436349
595959
766787
382682
535853
268889
402779
768476
116994
55096
571133
491728
785115
876859
709759
972435
415828
277489
715298
190009
424383
526320
347643
249933
363877
75314
200578
208497
637326
928678
898480
374285
48811
430369
267441
439047
802140
360475
375866
353401
775422
378895
390015
135900
969684
430714
484092
298720
383279
326110
965939
392296
371946
95584
925210
905843
63361
455410
227108
956510
132442
432874
188070
589396
673492
175131
184904
401127
371195
196502
822146
393587
264576
516078
797821
426317
994561
764737
143975
95243
299365
304534
318994
518728
53296
581030
139728
125403
214955
517724
32904
549269
394606
89227
370992
963694
451710
12083
337012
50362
131481
894528
840198
791148
683032
843503
613071
225446
931371
578622
272552
184151
755713
496600
465418
175879
261866
343451
162012
623870
143140
495422
284220
797211
639548
395659
233623
267020
620686
5037
421352
512448
872453
184137
3984
311433
622139
245455
42189
156080
591246
381178
245459
365365
488433
961899
106575
415537
282059
389614
862000
460814
523987
960033
23492
621118
643172
307691
41105
672284
925918
437651
102760
187995
234491
263963
452319
727446
767079
875668
262832
991470
790589
717712
928906
621371
439002
222876
661746
404145
597823
453260
5268
788934
546596
248187
108074
236027
682652
210010
548425
399630
502213
370691
997507
673920
137029
842038
18549
576780
239491
37633
907324
262313
791598
868508
251229
359014
431636
436469
240237
3824
879868
910254
716684
6691
92996
268202
373238
806819
55112
764878
159223
302693
204685
301811
568308
118539
483928
842572
867598
531982
508383
400216
825653
791845
467619
962103
523793
750811
399151
846608
709023
359927
181791
507188
117801
766199
425936
792138
189891
630135
219365
831014
593114
910244
607109
425360
332987
127272
219448
776528
271380
607027
840546
132129
630398
451114
183022
868863
213144
475907
858793
268039
459711
898248
946608
940786
861073
806275
197327
826511
955192
124796
706124
840831
962375
368907
805120
201340
350501
895478
411425
562312
748896
583836
384728
91666
875287
317701
673471
331178
474834
247015
565034
592277
4660
433305
221815
709689
603422
559037
224907
611817
28852
523721
841423
417161
297020
321576
117746
439314
660864
787694
650514
177760
353322
825686
958449
741204
92271
688985
605597
375724
379841
552243
150148
690550
484921
30399
910975
560537
292159
57877
581223
842412
315428
159522
611958
30322
245583
477537
768250
590035
886884
960721
149869
901515
3760
64896
813878
562665
668298
283132
278063
247309
419167
737565
95657
922758
954763
227467
402931
589963
998063
722117
140376
761469
177183
292229
562236
476477
897359
882505
124144
843049
255332
878907
864959
928650
796597
743318
872359
854964
9192
902524
984942
205793
236325
580879
132706
712390
746885
556854
630485
289042
75849
749962
126092
371926
615827
363340
679547
231951
432157
461333
605043
233856
145966
662229
430646
891484
914360
815511
555570
555621
11718
628237
277890
957673
54355
967600
734756
810984
686227
952046
479001
415566
183237
42790
25717
740596
834757
432607
999623
175329
228726
690004
442729
263878
399332
550894
62790
915510
570661
441155
759589
332130
386541
905829
32893
782235
742841
276175
287576
524346
490966
851951
197020
303183
328893
170857
361890
323317
570951
221745
662276
954893
705058
566826
506072
635325
899151
925868
510967
823775
371656
615294
697654
720334
508954
809225
7516
668917
360352
490415
610903
540369
59493
284798
993811
483625
764684
404255
331849
742847
873298
853339
312333
359366
350201
242545
556454
570546
40487
819144
240495
413688
446128
934139
746967
546346
455445
60432
377598
30673
532411
706607
31558
509248
423712
802670
223729
929212
905027
949241
169075
666929
452194
179644
319232
617619
362300
864218
94986
280965
516065
15523
273246
412293
875353
312888
618037
806277
650378
538782
612627
850536
530107
787595
25936
885975
678651
330277
168794
522737
446469
204442
968298
42749
681123
278484
809462
601479
435911
525179
442473
91354
57183
669720
308928
978748
215293
821762
734190
50609
564162
692501
283596
648318
935062
276808
205851
336964
560832
977302
613267
186336
580516
702905
903829
304854
70550
579576
737332
265410
660787
804102
74006
357524
612954
50721
235846
763041
741255
937513
557459
180522
72555
436275
993065
860594
331334
868991
442848
717450
311565
312515
404597
807554
62766
860336
557210
124134
981170
554446
487395
754736
843357
241582
295583
653784
575657
550956
761528
290132
985243
351181
655551
418012
4518
345929
534467
253437
606619
173458
53386
334236
177215
978186
816071
493691
234220
549447
683361
539796
907483
445884
460487
270169
880697
963068
742646
599177
598373
98894
898971
83814
146031
799424
304559
443578
187468
824671
125727
471630
196584
543358
224966
748453
755788
80676
951224
507599
285451
970164
125556
735235
230342
172503
486909
587239
990837
17427
294653
77125
395819
938942
841422
654004
669667
774779
700014
745882
913945
563156
486892
42812
409296
713272
465581
175424
185691
897126
351591
475488
59548
251580
220262
343280
126329
438844
166512
635509
793339
38142
531913
33953
743783
126308
312970
333039
546323
131079
7553
983710
686994
777129
301009
742115
809703
100564
377076
817071
632685
290633
502515
66436
527107
698615
372231
66187
588267
100626
748963
669734
950757
95896
473976
174410
714012
717498
862928
152158
307070
45184
423514
169205
398483
366602
212468
86933
650717
701321
397106
309165
267009
247909
434251
235805
773509
29980
139347
364408
146009
154167
611917
999213
610847
500005
903444
188057
625054
454066
426435
522190
650920
121409
529338
55975
498732
344085
399163
231000
579614
173609
278274
538751
847615
295915
160612
310168
241102
38188
969481
63615
680666
188747
665305
675165
28704
768190
901269
41804
575673
455823
898607
999069
122561
680817
73353
835300
786608
477939
955858
851827
29323
413892
782380
801043
597847
860174
623824
89955
456482
225192
550683
702812
580541
231874
536799
164682
659338
645065
768794
807434
645987
497348
18974
586091
618023
508399
811397
246287
580615
78024
13994
543555
521804
347192
55791
281867
230659
723654
718797
334147
90803
445509
912948
551874
101547
223999
441624
401204
435132
165697
921011
733460
217380
11040
547094
652443
302165
222751
576543
730044
531019
576336
436624
849931
171708
674986
728350
317063
168321
84802
965020
906668
252596
831013
842270
965737
430365
236202
773191
995088
336930
431529
105868
54443
778106
112257
593603
594289
163787
435391
166731
865873
528645
295590
781490
905743
839897
835131
361477
877236
289159
919370
110134
826924
204396
678909
646353
530089
7908
357874
896388
192054
508724
751109
441350
70950
718220
389094
491474
579093
26588
891104
995908
453973
217238
655474
339001
859536
485321
272087
738012
147329
64188
197774
592029
88015
474155
678030
695244
713132
846535
65789
311351
692486
295224
301800
685033
825465
775564
304727
901301
88784
423745
524707
946937
969810
939408
508073
144279
891348
547118
819975
994612
168330
507336
567281
37325
876922
420849
455784
585862
783804
951568
355755
603293
228147
278467
606666
523091
11662
505977
236355
815731
801649
705515
666704
607472
428736
608607
405651
8458
35116
442239
81396
96516
739363
853074
237334
221066
966592
99646
868739
571071
643379
481796
797116
247755
844669
795133
657725
438000
391081
744824
299300
571395
531858
302978
678512
498858
78210
321209
241661
886374
595730
125477
639805
348826
552525
384429
862116
547390
397246
318240
367156
365903
940466
752085
887936
805393
284298
359513
483306
267933
191442
461873
826252
480989
128168
822935
545990
98666
950945
545359
467179
230509
914411
152393
716797
631281
665515
131609
68696
722008
101408
159392
231252
243271
44168
791765
539333
312389
474103
40845
469771
75323
542379
763
870930
627990
444373
49405
48223
113132
232005
872189
176088
858932
300138
266984
374488
326619
751189
19804
583258
373223
438295
464295
714989
889961
366785
100743
628111
573713
937448
919602
447900
601140
281748
120657
587049
752986
245631
103494
166965
880791
251668
120306
90281
73181
902823
807294
24807
632923
167657
248300
696609
156230
637434
234916
42688
467195
179328
614403
5775
826210
303887
238676
244025
80655
271485
771604
802464
965850
683788
306720
511059
898125
988474
589697
820278
517138
872813
285019
200729
972060
38227
980809
828916
949217
788035
718454
16044
862816
276363
232774
769259
806870
287216
34532
156756
667930
918765
985706
489520
328467
586751
724198
872152
609489
878417
442850
737363
427446
659706
511913
162586
699245
926109
286264
342172
987216
580645
338672
413894
93758
535865
984413
386195
206964
856645
351167
574095
245063
557000
931482
580367
727948
218754
518395
439439
210704
502616
641985
736889
951687
526823
766551
142621
401358
69216
60456
774609
364818
461922
131878
243082
147836
491313
355126
329970
367543
996937
406979
991171
752421
326131
252023
762352
924746
704994
328469
509861
927497
155406
396856
728894
681739
126097
980990
603478
708318
895501
557295
935647
47050
474389
929687
35017
604355
187881
677413
70411
205508
924668
627904
577714
361838
51768
265544
254763
585940
146034
421916
3008
343117
799421
605938
582372
102019
8535
356035
523815
218571
265582
941357
990593
262463
95324
174794
659833
283808
494872
963267
32292
250172
486833
395438
137940
378397
12188
507652
648760
845100
308808
241276
307073
116271
105803
159891
23218
193835
205516
973094
694771
922919
417851
831734
844755
424314
670192
765490
17291
304463
515892
837958
484629
2292
791558
215256
64870
260623
230085
994398
72671
682251
240721
7924
856293
425531
465924
256764
903427
617701
868798
195869
834679
741177
823284
182816
358463
841094
584519
896041
304945
119317
666023
541985
961342
673166
448276
343476
180028
854719
909418
872684
138505
360125
498457
188579
355918
442954
751669
464757
324636
752904
973350
828781
147859
351691
586372
286856
630425
515777
481691
298383
616915
878867
813683
638895
374802
360078
915677
518140
822264
62771
287084
458621
233751
236347
790921
230711
364407
417443
997465
146042
990601
918593
482965
382997
426497
788795
454857
3216
442775
426682
874938
441294
381876
194384
76343
490951
591634
302929
302681
337665
763485
415184
224820
910866
491607
285790
970853
969932
524239
929825
529854
42552
158670
73500
355818
540643
274422
119045
414468
484731
107473
773252
706243
126991
35996
234134
140663
704235
351256
635219
202899
40159
97121
56857
85636
873720
653150
296410
990732
37789
242136
792996
912526
764461
829844
881282
219556
593587
116503
435673
88941
357788
543055
265755
157940
251709
335545
390388
13223
51750
169399
408432
834315
201046
977757
204881
974057
422581
760538
531355
15019
484754
410495
298594
98325
511618
116275
901016
184330
957823
948565
239968
675598
407054
874612
625443
596328
409958
21713
37196
634138
208450
824636
620158
649638
485500
767380
460590
155483
486802
589982
316675
828606
536349
157504
41749
485438
521708
231092
978917
717730
192098
237499
615530
455980
45698
90237
516558
175724
112678
7901
159466
605955
804840
316455
388047
891148
571246
265394
616554
472312
98119
818472
267759
739650
159605
909177
715930
263970
229512
841158
33275
934356
57356
123803
69707
395502
439614
402887
508737
484143
389092
864022
543180
599515
364044
642524
195817
775527
887802
316033
872013
90341
330836
342281
679619
262256
32357
40391
659867
112821
53851
955919
509659
366928
606859
696461
854808
498755
742033
433033
373741
352685
899263
963879
17593
100374
315955
979364
663430
503638
469437
626012
587518
743267
395420
238723
41662
974361
340049
93446
367220
627479
607401
192748
387014
300452
904555
202550
280850
489012
810792
369315
839706
797608
874366
975347
469554
728672
920835
649417
984540
195776
380451
159219
255575
854220
333045
610055
435515
498687
336470
531393
165169
607437
414267
484806
936392
716641
646853
530840
295600
599692
826621
638363
988971
442338
486467
844898
459110
984271
758402
648475
905996
843396
897163
841823
584711
656617
849716
997683
719549
536746
590599
46516
509474
364468
555652
193315
564513
37581
522078
121490
460480
107660
819095
316809
350258
635464
513301
432126
89965
777550
137620
94431
847899
172235
834676
821729
104753
831996
875936
69475
825000
62827
623243
732956
748252
721759
538617
270118
119462
870068
470890
867097
390540
123909
57700
711700
579939
621717
692297
682929
66447
20021
129072
303624
984647
421922
600848
391959
771367
888655
701876
260455
23859
971350
591919
583451
737099
805315
626657
467755
566344
459696
978813
106592
221294
37032
65920
773362
731527
562321
287366
145425
168547
125587
482778
85939
236103
290292
216979
73567
77761
119165
519478
894082
78828
97953
985668
936666
806884
752995
790943
373812
541043
834639
123866
792273
288293
705770
58730
47859
962485
249730
650156
946849
832395
483389
282275
542552
646537
550139
74623
453329
528434
203617
129701
152396
142663
761903
567800
119642
98258
638188
522780
179509
352966
532335
811509
369688
176535
958831
977504
716781
321821
179258
710637
306916
848520
540852
725423
384968
868334
126421
716790
688080
508140
427011
968923
74672
379658
549654
872432
91371
851359
763131
707596
506116
160830
793199
291815
284072
633120
935827
614317
334070
817103
198632
63406
77944
99992
651395
421858
53837
65576
414999
167828
175899
987935
206030
939058
492292
28174
710101
691249
513511
829849
790542
129745
153161
759669
882318
405454
319310
968878
34781
866553
724799
7193
979431
792629
42569
441363
729324
627128
458431
297537
475884
304753
313436
100054
892909
970496
445785
213895
519563
906029
911455
679664
556504
14559
503395
482235
543355
966926
602610
270905
832129
802130
962001
275735
212373
691030
505519
185964
358516
365230
555786
831429
980723
620602
840624
574640
239900
152139
548498
201439
345238
45305
591767
951902
344706
257537
989017
629876
845115
990083
659995
802612
631698
406679
392507
775099
82979
392876
295246
322856
263206
730051
819492
547372
227557
269428
81234
350034
351139
399937
806537
335820
595758
601645
647381
74664
826606
430567
796020
139990
526561
192128
568663
825373
606518
23404
516844
616195
386388
784747
14874
386460
167653
437523
499980
863316
475952
595567
539812
658413
329131
286604
161114
490579
476401
129027
166444
854511
64056
259731
549441
161305
568710
561716
284097
375383
780766
459499
891902
839332
794316
177879
24177
312534
815035
82571
193576
844344
326177
250119
546302
562333
324334
427895
28365
195645
777190
714078
728928
732059
927372
820347
106926
887141
204921
899926
181491
572759
329960
392651
364400
253498
114605
263969
158496
837524
548939
199070
476543
219019
924267
358323
583562
840360
603587
997085
490454
161780
534006
568390
445251
872009
483311
289952
518688
367634
50682
367236
980408
697681
553052
696439
645922
851692
901278
861844
738336
409224
82693
586895
349214
36698
153882
486785
87623
722547
559449
294389
883266
375833
840835
992639
719753
540905
994691
126587
621824
494163
710504
574248
642903
697015
757086
269919
42769
430792
958524
607555
244093
782670
181845
951451
965937
30366
928421
111094
77107
869996
940207
103193
690505
637248
94393
227842
483702
822044
480164
289471
984067
959720
446865
326480
332727
253941
664188
514096
813318
12624
371888
428191
930036
562831
54123
377789
39340
939545
333975
131386
939723
767574
998172
277116
171197
849893
179723
161181
23023
840699
658243
688108
202179
292676
269809
623431
144499
52125
604248
226453
513647
286201
877218
313164
203585
730344
222369
898705
875087
931050
128207
805833
400303
174813
709041
80404
956224
514819
878373
492251
259239
168515
44650
407673
59813
318706
255792
982637
102357
265885
752418
946512
778240
91319
534627
519242
609325
70059
836080
999027
775606
759084
43812
437160
329852
874613
399534
873245
316097
419621
706523
398474
442745
692826
13767
653006
298446
15810
322637
304634
929439
680788
70844
267225
880088
27654
265305
554325
109472
317005
326021
499700
566061
2980
516511
352487
950508
852136
887116
617320
633491
708767
561409
499300
673580
465979
603240
541260
555658
87370
909440
625309
689556
487464
539909
516115
803278
694411
764106
239330
470862
277999
647464
309106
4007
417713
658411
49440
880432
99299
333351
234974
46369
980377
409189
197024
74290
316690
794011
106823
268537
687168
646605
19126
761592
612221
251732
591893
638543
320558
553289
281088
426786
686802
612094
837364
515624
592459
503563
357511
310770
125135
871449
705509
581788
200680
304325
326374
548914
307103
94908
893351
710299
127483
659511
514849
366351
503525
37294
907217
504687
529028
811159
748740
56244
874349
767916
440929
787880
8964
228433
926334
451611
176703
173724
423875
686044
418021
844905
50664
908030
20027
904797
878826
351442
346952
606100
479548
821298
441420
910126
728633
325402
756237
265817
834438
212161
57494
284691
374542
695888
48487
734595
400993
429942
219014
650321
555258
598972
531500
496697
893173
180383
533299
333409
14255
159724
569897
835303
965746
942878
313883
501594
439225
836711
316336
300593
376938
264606
62102
791167
636063
475129
717959
50463
801108
464714
746318
413270
4922
494176
176839
647241
826185
108468
667303
985444
658121
188559
467149
547944
240638
577893
414873
437344
777899
70862
26858
548212
551998
976108
541928
646476
82810
238810
2049
212243
443328
772574
34487
109562
197532
543281
379729
680037
206017
291531
178397
706436
293501
24686
920177
258229
757300
725042
623143
545762
926774
933819
353266
349705
224935
792954
333181
37453
597655
5401
399023
414008
522873
462692
799114
791844
376069
150647
605458
310201
582663
619765
329328
545367
843019
783571
83521
991600
908865
496131
688520
533150
127500
739957
741804
858696
513721
118416
386617
135687
147501
936163
332680
251071
906246
875641
896553
478659
934812
424070
562493
64201
718712
14076
82383
159101
305470
747079
292880
605282
956805
216992
918705
664628
412630
115147
555379
256418
780283
103667
623314
283322
391219
610340
143864
92343
233627
170919
503577
174811
976150
508252
393564
385423
545415
29377
152352
74274
965769
871998
596548
713878
771836
278109
732459
281909
21604
309418
668683
341151
487199
792764
430562
628172
164733
941768
522010
391665
953337
481067
505066
376081
743631
769353
400367
650399
853717
810838
768128
62716
802413
806743
911427
638735
53783
865013
597032
563996
954358
551500
748715
341247
336252
642836
818725
554946
60220
2923
236194
74275
281107
276479
765414
257635
624972
164364
341336
252240
689838
121537
534958
869151
358524
35357
519574
157778
547749
229255
91897
537221
457252
523341
84051
263028
246992
810603
109226
581436
502618
816896
792663
613273
446913
464366
681665
501250
597796
265527
619287
769966
451951
127166
738864
943087
92848
721962
550534
463726
790848
425457
684435
844853
358809
315928
728638
593654
323596
232002
764957
759193
936682
407732
896809
59730
258960
29909
431291
77364
56727
41841
373994
607992
264161
218489
76998
974275
367121
305459
587936
102763
740701
612779
89343
356476
958741
11811
492790
161359
473257
433091
810177
465027
551451
336701
847078
870190
913415
221687
906565
650754
379000
36964
29378
7849
493168
860591
313435
633698
206686
514523
401395
15345
47908
688325
798583
426185
308638
790368
459230
443494
720416
907794
334942
740591
386644
105159
706947
221807
570466
866138
300870
148320
864416
721363
950914
690370
989640
509395
225853
340681
160968
662214
439712
449567
959403
547462
435173
162110
277276
616071
140699
104818
953958
853269
744883
818594
548616
320546
317173
224006
355851
664928
432339
257151
805722
648697
800062
74477
935191
664274
782467
468521
123876
404262
758110
656776
556817
326229
864262
611697
981915
684977
741059
459181
603579
116156
320939
969485
243351
150481
587224
349405
392240
712772
226584
326186
908261
71212
365798
59970
91274
317226
632060
921421
101495
660330
580055
840881
131792
806082
920664
458619
315845
626467
33284
550431
239665
602083
924990
437763
588425
624289
145481
978645
842985
292764
72207
785469
380013
132283
680655
170704
19979
65265
268836
573909
696165
919728
920202
709345
904925
114833
996928
404154
522277
701883
518006
527535
244569
572573
165211
451825
561389
993495
601915
152640
178702
275056
997445
678517
44057
779315
129724
983591
495200
195044
159093
44774
861095
453474
302283
329857
629103
62248
81673
155462
364003
114193
398942
290437
282061
702324
160692
268995
563822
197795
729725
776936
618879
44212
316106
2064
911184
705463
573579
828450
853302
912488
482637
803547
541402
847749
375469
429107
247393
292860
900873
733981
558772
525775
344594
662295
897908
504555
784851
322364
471617
464192
830793
570223
291089
212437
273234
994745
784959
13856
687462
846643
222270
622259
25543
327887
986049
718637
749249
933575
176281
538624
260628
597461
233750
241658
119475
988856
271029
492384
491294
140280
511493
821911
291143
909714
530988
56276
154602
617260
277260
771612
109692
260727
77105
141878
880775
235722
428256
970593
698272
830676
990713
322048
439887
161942
689423
14066
199013
237181
949623
244682
795508
416379
946076
188893
168921
847577
760767
907968
450990
318026
198232
565261
766098
477636
153112
430066
724374
320004
801069
34788
469475
861023
515967
19675
134726
787553
101965
240118
872051
416048
88905
772225
541183
99211
272110
612466
762953
183782
867023
453818
352511
994251
902511
667487
606219
775454
775652
697534
521822
64364
886323
361455
252394
798809
796398
960981
261244
617669
247735
459185
225139
752095
930522
605402
715482
443167
398614
995358
16386
29190
414101
363551
780770
899332
746303
597132
838122
513367
467550
587751
113194
42940
325538
770679
435565
543612
11761
520153
196097
979764
284460
877579
54484
558854
552812
328377
712997
385163
591
132840
635932
403685
295091
635064
635871
451554
289934
75394
47920
17185
587251
871554
481749
975923
894850
511293
432065
797161
741986
440289
429511
42202
759853
147175
509169
305576
799097
713934
658416
678732
59796
124363
405749
369115
841208
39546
897575
521765
84019
315866
438758
674309
431746
430945
958470
969010
904682
332686
797960
588144
322901
657557
592350
583613
355024
340709
505779
717355
137453
983491
303799
224698
389619
144543
518934
433698
260895
845060
930296
510682
244661
651819
604320
887682
149057
25317
735058
282044
151634
671876
953839
710620
193354
102595
233871
879776
835788
771958
338914
815305
242433
255211
332959
230151
179799
325491
834960
774524
593982
531729
119451
433508
749611
352380
762851
3865
975264
798888
784919
164421
154470
929665
545253
603542
404367
525749
521732
335215
335819
617611
754276
733525
464140
261002
641146
65679
985854
568064
387113
513403
292780
608981
754451
700358
628592
396998
456040
408734
162128
625003
500292
90541
304088
949293
497539
768940
442911
128727
71731
524729
945591
193596
171791
994121
231892
955031
558195
250485
723624
817366
859857
196452
903728
441651
456576
218091
153944
719910
711152
684711
209138
16827
813288
256475
619964
244023
439072
903134
298839
69950
592549
665216
808187
698398
159098
112148
797849
888650
213517
692153
459128
364564
734059
767847
411484
119691
156574
884259
630705
771898
983937
358992
776145
665556
993562
870682
576650
726495
898896
710875
164016
389289
852861
543871
767476
795190
363680
474608
38651
856270
762341
626460
947333
573600
684829
884943
550604
632944
803845
580050
768438
491491
476805
110629
755318
378183
423987
985359
454218
258228
485117
416833
341988
237713
898632
900858
155607
59588
860908
124159
947922
471048
646087
247733
581720
231771
753263
640933
586458
839761
594906
295945
521246
62681
724632
184778
628436
365123
468510
834059
57530
172174
955236
276054
410200
459883
588048
44004
949141
594679
557580
274789
857186
951307
1836
519138
631542
454144
450002
62304
100995
367742
668632
832046
15246
307177
514009
146562
825903
665436
695963
911513
224998
455022
579813
357665
252671
859025
934498
384649
381610
245511
451065
951444
609381
480605
80953
646886
339119
591302
28424
256461
728554
103992
738211
605349
572387
829727
446203
348376
364924
422866
228991
962833
67794
474086
391954
534066
914181
453684
409384
320293
527900
173709
632509
429559
757239
14897
86176
411405
201705
115579
119985
791321
694982
632898
400608
431474
811107
248638
81183
516053
575788
441952
558919
118852
900961
158520
948558
162643
606746
369679
332587
770319
141981
809250
871086
483109
377355
132722
230757
775979
484414
464703
648045
812526
89316
240394
39693
799024
244214
64360
995493
931959
932565
851989
793486
232696
255967
37140
138978
711552
436593
854316
506663
855727
434040
614054
652292
681462
449540
681937
70511
948738
943859
332802
134764
445059
890882
941487
142376
773384
873957
137820
411463
222301
790615
391239
42836
965228
702929
41015
110495
783888
567591
93640
361271
919905
768458
882161
900153
708235
144639
224291
494113
311604
857679
459030
900222
907820
912110
212425
289767
517558
361341
913647
838727
549899
998826
786933
477053
698050
336132
617265
515973
39283
295709
775730
518690
349232
743022
689285
958424
784149
370108
927674
811652
270831
84524
938907
737214
307255
147499
660692
415738
950067
921686
846459
440010
598549
376918
346799
121703
425738
864919
576455
255047
407514
955198
801117
894884
342759
171512
948348
568056
87749
333383
851431
527578
677404
458785
581478
889914
545076
616902
832956
749696
62280
792457
383302
514959
28015
978876
488504
704647
265166
958978
921606
214061
83570
526115
954871
646340
196952
64835
651003
384642
806944
286676
449237
89140
462885
386697
80273
474777
805719
131626
92362
691975
930498
827240
186485
521208
793351
312217
360853
976528
685766
488873
260217
64666
277245
345014
777540
243720
595153
470030
68836
847965
918184
755018
639886
443178
941405
297122
74719
634274
247625
886007
272480
566718
942390
598341
771995
456186
255842
995174
820457
216133
393267
442
439897
187757
664571
22263
696043
699725
122951
363476
856480
88739
963612
456682
511691
885172
148993
908837
164401
130134
422561
167392
565848
330059
424425
620106
211656
151770
519862
122609
902754
319513
859190
730584
194695
585710
197039
221121
668125
86470
349717
89751
615728
92656
937879
114954
219918
723709
473634
892852
57925
475711
595547
429561
776854
434477
181054
872498
649260
460679
105465
249850
474806
980444
220954
425153
607048
691901
507608
824857
811910
468866
451394
685236
855988
615521
836299
678870
328656
158573
491494
591939
108562
28897
189181
302958
584590
115770
350300
187891
576797
387288
194010
474729
360799
457214
984769
599947
58697
374256
197280
816162
599141
7138
803495
118094
769052
965996
687529
8051
480026
422416
36856
404065
6521
79437
137197
607365
399668
817623
136237
405050
596770
527303
775653
467858
452823
573103
250253
716725
601860
274593
32068
289839
278833
353351
796625
892433
350607
548166
252824
113347
986069
961289
9756
92300
584329
95781
885188
199132
178311
912545
898131
857099
996722
705246
767961
55360
677429
676035
521272
118978
850406
237105
198948
747790
218929
635644
366565
338603
992955
347676
567916
812459
303851
543524
86896
649136
52905
788247
550458
530904
163848
946030
215756
187130
460080
232245
948042
366587
961924
55094
2002
622242
822893
127650
156658
920501
775115
26284
435566
600131
402085
259874
163750
972286
270156
914149
950917
540638
179377
515923
646637
294262
864075
453034
539905
708612
979130
704303
22878
850571
922352
450611
595407
968957
256776
883419
429181
877113
903277
737237
579631
311411
489496
213898
354997
726178
946738
476421
418429
15049
684240
181111
744668
767918
28069
867932
718831
305349
548231
938345
305912
579849
184327
512819
433049
654560
609120
680271
109561
824835
593549
426007
199232
283615
973069
854780
807405
189885
414459
75337
713792
865686
484253
99126
843322
888916
592814
485918
511537
225671
241900
942945
573308
84827
838912
999275
717989
52632
608267
443215
910138
354985
752202
396958
518189
31679
727853
583370
866662
902917
404348
573349
661163
32793
344161
988311
247078
538381
704055
630400
602194
112569
819717
974593
952566
740386
285548
582680
716990
525689
872218
611009
106281
36062
713875
646275
519367
953887
973231
560222
121316
552121
921977
357953
413286
773902
832678
72471
994167
994590
851372
159418
860793
168140
246234
605239
852975
278515
855628
306911
259783
48707
331271
523413
557922
545379
785967
413899
80080
343293
708009
880931
433623
272607
79345
790220
917540
262562
472028
243028
43375
73822
298719
555321
339591
520760
427779
453489
93605
876812
71909
942314
326974
282645
788680
138960
291073
746708
397447
473896
465945
50181
531194
815890
233712
693644
413007
375367
542
395944
239047
906449
748660
581127
19113
393088
158904
215505
932255
417736
861615
228096
259138
32017
874636
553643
111652
739870
236191
493875
931157
794059
777572
472812
272531
225654
944426
134004
886553
418971
36418
350676
48412
881284
449625
599529
886258
800379
947396
32134
259021
792983
468033
110260
915986
357037
33276
637547
22290
176329
87804
89722
448442
944774
366953
202799
614469
374083
794197
906045
119974
88029
313660
518420
784848
140305
75755
436279
60288
716512
730117
532508
187371
172068
182486
160298
313419
865676
867811
300949
558358
956959
859365
987622
80828
698715
671392
65566
465374
423306
220405
957045
238601
314211
292278
229577
284637
343759
44697
910131
982788
278797
167668
200087
856171
134646
198153
557353
733920
743789
333957
342217
544671
45639
396818
143586
960390
385833
492700
828627
936260
806062
306699
876775
27088
186339
927345
881665
485740
447623
561322
547601
121075
185260
687084
298613
427540
346996
460851
858699
660935
54834
231435
707464
503501
396967
426534
700072
936093
498027
300865
182529
854255
27054
780713
41500
753108
16258
96459
196018
571361
723216
89460
317238
879276
318428
206260
329699
941470
839093
543564
94790
136914
84755
921767
278035
979046
221031
55619
898854
230338
979624
511661
147724
774487
278845
351454
719678
177359
740371
9294
546245
696666
211224
478216
995577
361846
460407
451004
477148
328296
279684
122021
938525
82257
141909
901439
16276
845422
584169
164032
7217
463122
599712
935478
959345
461167
193198
27514
374838
773180
347104
967389
360252
716323
975815
555791
747942
575930
78445
721923
770957
577332
27954
843549
834156
200559
855262
573372
562676
810569
955252
752222
532301
189300
535385
361252
934244
902780
329428
514223
785879
135437
601678
865271
500493
645842
253007
746127
378498
345848
22728
525398
415836
82915
920819
652517
227278
299338
132802
84831
584079
875077
287139
876520
651541
647951
251291
376126
420374
91207
685199
190374
799285
722999
160243
831975
7448
231629
801761
811265
319540
21610
473596
57014
996720
838616
785706
481101
995456
273804
936181
849660
893628
209763
816506
169958
901494
35234
84825
803626
786164
197429
608626
884904
250219
91242
374902
198458
370637
110062
843170
696658
733215
151537
152249
642382
825224
755348
862773
817239
48185
295763
814269
356176
195257
194889
613650
446785
817324
657945
814827
960182
871701
940025
203944
953393
803684
672607
674403
391431
67412
630282
290111
193066
661015
900249
387520
810979
611534
385059
841439
23327
199034
87773
267912
710556
5896
718023
561166
70
516904
184981
76514
304831
491385
26653
696995
582804
8848
189859
41964
198810
338693
204244
882108
639147
785357
624783
920677
223601
59564
378146
561781
723274
767330
562933
752220
758379
50539
946719
735888
155339
411197
975273
384858
194287
988957
777875
229288
461645
564427
737406
626167
604437
325206
162703
978717
723604
568217
241082
100268
348005
686029
547363
654480
553342
656781
173367
311171
686369
755076
507525
931128
108594
765566
277113
608960
779607
923195
801791
837837
698527
259773
622609
35420
289632
874533
610221
331409
740114
434460
394361
382925
39130
925565
61480
84460
839371
491682
862090
556138
794048
881302
278473
104369
80381
298733
967895
73734
880587
747155
156835
257864
398508
873665
256197
643082
66945
929227
342177
206608
99406
812432
357985
299385
882384
440218
29155
216479
207636
715186
312744
77766
961295
376633
41221
659602
147877
783375
357957
461959
456328
343390
549499
945624
321076
550076
688290
431009
754118
57261
238621
441580
394264
76917
793788
288049
909625
86239
956345
622485
735040
858548
161679
207459
593451
302876
648573
32094
469680
327693
535828
445700
154677
993018
728115
997526
100491
768503
628640
854414
201092
904355
814763
144841
78311
855588
47045
583020
30581
344246
903021
147083
543471
42214
744736
351731
833780
436776
338456
14348
443382
505950
309697
558197
47460
241041
921605
131410
736431
661297
497537
594134
629162
453905
139045
325685
849098
901023
693551
413127
316560
914419
706663
955611
957095
125874
248542
45428
33700
463607
686232
951789
27333
344429
928802
245620
304768
949653
173026
228357
938477
772648
199464
977569
544274
251500
401482
946186
531408
470735
704761
155865
218697
626009
134186
934090
532465
848772
311587
573321
533105
112223
973378
565422
491622
854179
780095
589760
935153
1563
927382
97673
262679
596197
92540
404412
860529
484194
646844
577244
436962
986760
340328
223552
447609
35246
426234
46534
720427
661330
874797
446217
872064
895221
312519
917372
807141
197032
175093
459898
718693
112259
899120
961999
185071
458343
782831
862800
273734
156127
233055
510540
465552
511394
591804
274905
340586
945877
695188
776821
988700
872958
239731
955444
691176
643614
971014
143210
652342
475735
41994
105264
864682
983277
875651
795194
935192
344406
479310
592020
621485
283022
954408
238623
199754
820156
965660
201904
928438
569985
1215
153682
99693
940310
195084
839199
224345
90741
927446
697515
545866
437481
525125
543
419518
264379
434230
546759
807023
277001
757419
339663
757826
51635
921947
689749
95460
292205
722925
310375
533374
647459
294461
609186
840196
892321
546412
684965
548732
842096
261077
610976
901673
743604
295452
328252
313699
532117
423050
332469
736308
371297
429784
761763
238614
959352
527215
491697
335919
8208
760497
830341
380642
755200
969423
813148
298146
491016
941903
664262
475377
143378
842458
234859
46819
954868
333228
40590
232794
78978
956477
296446
309933
509016
544730
666622
513529
79900
131704
393028
169001
481471
970580
403666
933768
392889
875348
6770
