938433
821464
900637
655617
444174
415295
327776
418624
383022
106467
824406
606955
492866
790597
844858
216008
464198
552422
920539
693448
959108
318422
477547
133872
974238
657312
431332
919288
540822
948889
439860
187152
874347
331857
484887
978166
674541
948572
350144
987454
107068
694612
570736
53098
484555
457343
951063
235179
924927
481881
721408
206506
891043
830450
709012
535210
85783
375359
430770
964107
699911
270783
455601
609378
708721
550825
839887
995705
916778
655722
354750
224647
203672
695065
874848
875416
351277
112751
646302
874554
217963
255535
255267
976085
366832
541414
736796
132794
395544
818008
756923
559331
431443
608554
905661
169568
260612
629021
531002
475523
187376
745948
235136
149565
982043
97385
321131
840978
52440
317091
333519
615870
886182
992176
131697
965913
618468
841891
821928
18685
463440
604058
749805
156795
486422
908891
33255
746900
390610
380887
685572
660493
523894
965770
628597
963401
57441
544864
385724
187661
340313
586176
835077
542425
171066
870641
941172
101273
533143
159531
998732
864471
543031
69254
556609
594315
21527
996110
701666
318151
839005
256553
954705
679798
83931
85639
934240
258478
987565
270805
910927
555214
851292
248480
44013
454408
37420
157822
595710
749323
27633
445393
985737
671284
576142
5467
889431
886142
316496
822263
564465
229409
556888
398930
199788
468891
849017
817439
82780
600228
816949
820650
287076
863306
92188
515072
673233
681447
6082
806062
762487
300181
652644
455261
545492
463641
207077
109850
848476
367924
346101
77140
639485
414790
802580
706981
206124
145806
416689
36501
804300
809798
101864
786028
761144
20204
43680
288415
756059
616066
738115
579474
895577
889927
386887
923127
429863
112459
767542
914541
859861
359989
974308
872758
192068
274116
300648
7798
746
100786
18897
288755
369073
260730
611765
225842
361681
168906
483559
954830
119205
723447
326969
688023
678961
798980
457717
521341
526139
477931
719579
961125
496834
552598
581098
622174
693286
512141
400229
571650
418490
787753
979391
726288
939405
401371
280928
94823
574573
870466
62120
551226
70430
370715
816298
721485
986954
27536
284498
939214
86365
815802
226031
37124
187756
135612
906031
723467
348442
911505
236285
439869
857514
29374
95126
653241
820068
719688
680907
753678
37649
893521
234625
316079
844331
779766
951645
659738
620704
709967
986474
424105
463695
980139
934397
887067
25867
623349
897474
709998
104731
723872
119449
29723
814933
895299
732100
608806
546484
260252
545640
701722
386236
633963
598564
108473
207821
157986
978453
38623
763419
790177
467433
57202
121466
37805
505897
988983
884078
927096
152401
239394
883349
470983
44435
226659
835487
612459
596842
38888
14464
222134
701568
288951
967686
145245
643683
387692
259477
237009
635736
912775
969601
339118
7182
697970
893834
34254
953456
244551
195377
312537
657938
405444
545886
897414
213889
378934
251204
749934
588866
340464
435368
409735
558571
261415
672690
569448
764578
72001
958397
496393
401790
934551
417597
183096
566684
649788
927794
97410
289011
535154
292037
891445
307977
883258
140422
818166
204782
362815
860413
94120
307082
946342
803959
735609
703958
586007
772612
801394
460896
611832
42398
346869
542409
536822
737245
255809
788512
201051
46407
316849
426805
481844
438486
926013
284381
90051
895614
903796
154755
417429
413015
826446
215761
571350
812383
877046
153063
380579
94180
198966
571318
35427
275741
914379
410602
168248
201125
818602
65337
702894
550511
408752
299680
528305
167318
106003
757943
914045
726556
109167
887688
454663
243689
141046
550799
723549
188231
436550
937398
192076
445054
607175
787051
619358
995196
175451
469507
625353
282972
897065
848064
171126
139643
176047
100007
443807
457272
712072
570454
907221
874754
24577
546198
244203
586218
905969
171824
973599
940603
139761
419368
26441
939513
783655
536337
137735
974287
799209
586658
354440
818660
20159
777892
128992
10923
92113
899381
568542
42591
151973
68486
13730
894269
433673
92753
924735
366644
444992
209660
966451
214538
655922
660753
820924
90235
890806
572847
415845
341160
783985
477657
233326
173220
529500
760611
626585
917689
301751
731696
489917
55301
621168
290542
73787
125964
584917
302114
920662
399429
507826
486895
849878
941259
637972
842243
994871
919427
340538
968325
349113
500224
574689
340223
314782
776975
250068
155283
639868
269087
424625
159038
439448
480195
408108
670292
490677
700525
202848
266767
202527
532592
590121
92466
297948
846252
205237
528251
5714
304184
298642
258757
204912
106947
855970
908186
998509
745697
5503
928433
268044
175467
552877
814491
315341
552283
216181
326145
986149
691496
141467
709525
179088
973484
9652
270931
489091
536110
687278
789646
315914
281027
12340
155964
468206
887579
152936
29732
866136
998438
532929
538521
432539
416885
442314
880586
335731
23544
143064
866188
372165
296928
782545
669793
729477
935324
716235
205153
149768
259391
439111
77166
989116
216831
72265
862170
253886
402693
74884
743369
546963
567754
399186
995270
363764
789116
720677
849824
848331
288127
543367
462799
166876
597720
488473
838338
759541
721328
173450
183839
840710
744145
365197
134805
6792
743537
72574
698718
406647
507842
64442
596132
833739
484147
32714
221134
563463
742348
181100
455921
991475
974227
824397
518389
608860
318455
998542
157665
67545
729403
753607
148519
733714
337075
364658
344542
578156
632053
244424
670971
355057
908564
406474
71336
54147
83342
452723
864056
202253
663980
561545
4510
957862
719809
581430
233491
412254
472675
661551
881147
467398
414987
381304
412756
890929
803388
849407
261995
863445
152296
804592
645281
848265
20591
545616
307966
669052
905053
890679
562436
758830
809200
769151
943772
814680
375725
614811
230325
792391
279180
600462
52459
548985
62058
86352
486103
133640
861164
986661
415746
204467
211278
626917
590105
392884
677528
349673
513954
990679
908164
554336
547179
260794
26024
148927
419687
143250
51706
450019
232468
994576
658852
78837
641706
790158
53854
975350
690201
698193
612748
407583
119148
580747
449835
452601
285655
428030
218557
797056
958797
109973
86600
804002
215153
928146
826110
809554
817379
144730
680885
362139
286251
974982
291698
466668
54213
950125
727206
636765
330153
405883
833047
654243
597788
147631
427326
948134
97650
892783
423469
896363
611227
180940
310384
564887
607490
490682
631441
661532
36896
947571
775037
230480
730461
93628
368618
759447
367650
776932
713508
347184
783676
354719
552336
251767
652717
278669
855605
92099
299675
361114
986514
48270
752387
172357
123105
740026
682326
454779
908464
888716
338812
803382
786936
133117
334946
947331
322346
364315
519835
11400
113279
439162
581110
913965
619687
851541
239483
928689
268520
984783
957259
615013
520449
893634
866508
841350
959935
190590
18735
843277
830221
243543
536386
294442
388515
147043
846010
700119
504943
806587
718
66822
463182
12797
255097
761756
928608
446216
