105606
399306
45492
38602
132316
36743
752186
686340
484803
450104
187799
674662
971748
197514
283068
104981
8495
350086
763839
426904
622818
754777
850329
92862
733995
475145
82171
949045
115184
578551
771320
342947
227851
576880
851037
74627
300401
15499
742582
599574
425226
119965
540755
78503
635723
185938
853486
458112
490191
152756
341948
519652
502979
265150
811793
152092
842922
892247
935121
431361
903387
257477
886123
260045
262686
271945
384003
874181
875599
549478
22225
570012
184409
750929
932587
887923
909162
199824
503499
101487
428531
283176
20753
934458
852399
892414
223410
998072
922284
944872
532199
968086
671964
914671
384037
42692
282550
570774
195292
378547
229344
741303
512894
85987
318637
146387
306967
774604
126703
644779
834748
450742
199882
168087
970959
372921
508570
362177
670479
956459
528160
87625
47667
180157
382145
503266
594213
410867
555805
163815
390083
634882
897670
553559
919507
830293
735603
888041
495651
336451
994680
318374
579618
819821
189844
96047
880070
144912
127149
432753
925873
297390
143604
406201
290924
948008
100066
801408
912810
988234
791036
774408
998083
17342
754656
632832
669416
88909
429706
343405
575662
318753
265335
728288
342630
192862
634889
266384
682011
58262
168083
181794
756004
761783
361447
339381
926259
594059
349218
844856
335654
416451
774997
524197
76749
390180
296346
222022
150458
92505
154966
424296
59856
813900
512437
995809
610331
910366
508039
417889
20415
729478
7096
276202
700144
991890
888749
562357
632207
316356
844873
210626
637978
412938
376362
798225
371827
958180
388448
748685
850770
544488
986692
346657
103411
533230
190928
293063
736571
615434
852275
501416
295803
57981
568973
746468
262476
169031
952800
305031
11801
860298
887093
303493
809226
242040
908005
181163
33454
387279
499196
956418
234387
502128
919052
443907
138452
115891
720494
548398
187555
289268
415421
687569
714563
301280
237270
960027
553126
613339
862866
297177
798602
411634
602843
561650
812970
869565
262398
178893
222390
30032
639729
854242
400404
792109
287040
973147
952524
866391
240308
372101
570055
851494
780575
823577
166664
668420
902744
969054
586606
591484
214833
518087
343747
508779
141983
774914
483401
252137
232199
440781
13419
281555
702100
578851
774688
624213
457949
676861
196680
40353
933278
493213
861505
907234
133820
961795
832057
209616
158797
570077
822284
933602
573948
820655
339729
701758
263586
542732
44577
890004
723969
342986
172604
495555
742567
872837
409853
173455
666896
323948
57631
405181
199303
869040
15519
737938
317197
114737
810767
328846
545426
493947
934646
82104
23852
529394
155490
384396
454738
274808
360893
638466
337279
496742
757549
93757
697855
712713
151894
889234
270992
195536
563571
560334
138678
474904
34514
92833
481828
758449
681635
9237
644018
269256
102434
71435
295454
300359
162724
559604
221496
433333
501086
572931
70707
749187
414878
385896
590395
978778
410862
581932
207256
487074
121862
784047
620770
995637
289862
485561
300016
766763
825457
723870
929617
997328
651356
758327
108887
558942
348818
980384
197786
783293
114357
337528
427211
300791
881392
605631
240105
880708
550156
149257
456294
380737
572072
520842
699074
327934
866253
599618
454113
527526
427438
338873
708116
208259
438697
802683
396835
31356
52485
464028
960749
993964
35991
207333
258736
242396
383003
93153
53373
309043
9956
841257
539118
696607
477586
808252
795583
15789
60559
49198
452983
809713
715485
960972
994242
449447
772079
189176
660612
801200
564398
459074
395248
501002
132800
999023
559132
649352
423320
807932
446754
688443
20626
145973
437772
373373
48872
669015
632195
151942
920044
480892
768633
680304
524195
219631
315233
846286
184425
255274
81348
467370
433140
821306
995378
998153
880968
502514
76594
955270
593387
282406
108705
366738
53799
28608
315076
995386
670748
716003
66084
289343
764825
656340
133339
396716
842544
110921
926660
983232
842083
926980
561848
292598
660974
872609
998373
617301
236366
686697
285262
587303
396502
849700
349269
205472
2773
359764
637992
238184
665430
60851
681856
886864
14116
593015
75547
882076
311013
503350
50125
911623
148389
582248
947653
27629
822034
337140
304690
39029
78146
116672
630442
839341
61198
220660
407041
840332
27408
246776
395357
298811
999484
713756
814511
391268
981433
75925
52253
891343
972945
356587
133889
834103
946786
298651
696284
927392
924810
265710
966331
294669
298356
748356
338757
600348
128324
768462
472280
774159
30471
282718
899746
812020
210694
147992
942082
636848
669736
345097
88138
976557
295588
807628
971168
710064
271276
383714
766686
624120
562708
416282
886672
591579
48393
754658
976494
598812
113073
3433
372093
423155
365541
148176
994016
736068
854796
209316
753242
885445
602236
166544
543027
113277
268863
59123
946939
126855
426112
933106
773345
112505
848651
69948
802608
661173
651088
505544
599857
17666
150571
881287
391711
732122
575880
860209
300457
246090
613534
469661
624805
740600
487852
297454
714407
475087
773801
18715
273064
995076
72466
513445
192171
257452
938148
942738
731983
104025
14415
94970
242720
524946
768770
738897
774362
415702
14572
634253
312223
194529
804497
1054
75914
329439
890239
538305
492845
437267
264913
836833
309126
879141
484161
247457
232380
621120
971770
492611
894261
515495
131922
660228
949131
757586
786230
294404
131795
530039
443618
721289
806474
851605
771611
708524
490086
963152
761133
569029
840356
258063
370241
292895
386116
91507
276356
814719
462120
937902
125871
792890
444358
598568
156639
136516
656480
897551
882692
628468
112707
28023
95723
41231
283920
651525
752111
65775
131903
999360
145498
617753
212532
419590
128777
815894
100329
734087
203429
588185
464106
535379
188018
824654
758425
999676
175528
396246
715646
27938
932271
372912
117383
360201
40266
223767
363872
13119
308252
324200
925467
90759
596462
188235
655366
3003
391573
471646
933201
859188
980028
849796
21126
980729
386884
943426
976285
783199
812332
192074
166539
956358
42877
472389
275262
792543
477373
448903
952254
456558
958471
761950
791259
291927
676776
372086
28319
950371
218877
607355
204957
649470
586296
676950
891397
390255
955499
906280
815379
590172
500188
881590
651472
500579
176277
725121
730808
777937
717963
607100
277450
438562
809666
391744
173002
919909
108900
731982
468120
381908
603725
976427
325433
269135
91626
590902
69453
643064
873669
916898
431350
140962
101514
550211
862014
494726
720245
912238
525252
981382
372752
936121
432251
752086
937565
496918
400406
15427
182025
747112
251844
138009
641048
553351
405369
500397
667750
343511
52247
103198
783863
535053
394990
368969
921696
505611
621927
111070
167845
974006
650440
641652
262719
121733
364459
25189
30971
81808
185805
313601
866886
786151
378795
970799
217459
495029
110247
89029
579653
673638
250519
177626
518930
552388
922584
410267
477179
659625
457880
869599
688429
567656
771134
942107
114176
663731
157413
638292
755110
426874
466171
854959
503324
907050
939999
225735
587453
273878
766645
14234
811067
726756
655109
183617
725587
868681
67416
86700
200838
504797
317982
570251
885251
190665
655398
267354
453134
964474
686411
419194
141398
748374
952137
352416
134113
479861
993278
511883
158057
434921
929499
547233
305716
282180
913919
833826
587264
436954
463557
157177
976860
533126
58212
783839
389845
811822
834946
583036
14744
962273
243923
126287
8343
382877
57309
261117
407917
600998
351159
867750
799830
207337
546424
54393
81526
63534
432224
298931
432778
929315
623011
38833
307519
415854
9308
8228
650397
295206
452369
546548
220842
937265
90261
798280
899865
146740
853120
232123
755360
661165
981011
365221
32241
384131
646004
370672
619076
74977
986896
157014
709823
74649
477530
799496
178804
995057
540218
201466
921613
924412
827086
438726
310312
903090
176207
443087
914838
453989
380428
779794
92632
669181
967059
815920
694203
636251
981624
407855
399223
199161
613654
755370
674938
75599
992973
111109
591595
422070
381868
213879
492380
602591
728138
782012
236037
801291
51003
195476
610987
804944
972817
781477
970201
90462
793232
65579
249225
581913
823141
756205
120838
876583
935934
963636
516233
771935
810074
469269
600640
62660
752340
644239
245416
387167
49577
185976
902746
691912
399981
277807
996824
772112
814809
459354
299096
126522
11292
744533
76587
513522
284475
675729
536051
99740
526308
414292
921855
280122
250314
178338
269022
173074
924740
355153
28536
226173
174985
496014
387504
355968
312434
814533
318755
978029
541462
491634
29292
769240
722041
84901
662144
564350
688855
963094
857752
604048
149940
838574
205687
744253
751558
312264
186078
387244
485236
138531
965783
94871
79948
262248
137317
48976
895683
196599
401959
161811
500083
569805
841723
582434
179588
822910
979267
721603
985835
879555
596562
95265
499316
91049
801471
11108
562436
624270
377586
127026
991851
191620
499877
665800
403418
497345
481136
22920
370398
582557
538078
280069
289161
57409
689604
839504
651685
165646
976052
623683
404889
1329
50183
881426
580150
682279
20776
71136
788850
150760
25514
886256
739051
97154
693868
99152
21128
83475
320130
443471
792120
186757
700364
614405
621147
879399
674336
194136
481545
173176
776453
931904
556254
492834
102187
652348
167258
895548
537464
447092
847357
191959
368383
727600
574326
335723
261951
467220
461034
527788
100194
695061
744305
390562
41911
991795
659126
198415
23219
369631
981354
164638
104475
385097
294028
481457
923055
697906
458843
559091
508926
758596
86170
141516
713287
720864
900344
628815
362755
654645
69889
49315
624314
329261
372026
765246
841834
927168
313016
938404
917864
525636
940633
185447
878833
846515
999396
838640
373640
683179
855500
642977
657
206098
451990
730563
682649
179405
794893
585500
800133
740527
88315
626841
993732
984163
513322
737480
712865
178181
462369
355464
6528
270486
520975
294390
272557
66174
479161
884886
817309
454751
339734
426612
502032
932632
194189
538470
29857
946001
88735
868142
500725
401186
247123
339008
105326
763827
508769
779531
872731
630522
449768
831927
65984
846062
571427
120942
896919
677281
469631
401346
498490
282174
230565
519875
230336
904971
203362
803334
511405
409040
319105
434192
439871
506056
766943
902735
64939
756264
479922
809159
748056
67021
315946
194132
555028
106078
280773
314023
611171
788292
340154
758550
150691
79048
88803
941589
835074
539012
106991
576316
603210
726629
703708
799592
758247
124764
211843
133154
193235
456086
160633
845160
329127
488248
170368
299296
802495
153668
361369
72321
729541
594343
55294
996998
576249
360312
974676
787618
270576
219351
645113
613890
965900
666330
810092
134490
849868
394624
642070
259319
298729
136982
753244
268667
900988
331259
826919
823519
402809
790950
66138
656219
147385
66462
99757
555551
239856
557912
479231
617350
676197
665073
552100
516861
468935
527894
286795
173041
291673
512180
512140
621418
92738
6621
868486
687339
440911
564393
776196
764345
135286
92024
629046
304331
121869
789035
282880
786630
256601
891391
943261
804357
975626
393814
94648
177652
149291
61328
172324
51959
439323
181698
485039
170902
83860
952363
934074
473148
672965
633641
124128
902225
636755
275943
146975
123138
863318
14810
482701
43626
468824
436858
211626
316597
152154
529239
249024
71187
284877
147360
672982
705815
5839
266194
13475
814414
837345
535469
372254
124127
212594
783701
696068
877713
958599
888219
104195
785836
797939
869072
523249
526285
992998
679955
19953
774477
833530
212541
398819
471200
94303
310380
399726
65752
748871
306338
523577
438956
422978
870220
452141
594836
141970
12696
391276
345322
14661
626773
491270
694968
596053
471671
769452
810940
610807
500981
756370
184990
27924
872322
848240
652856
38016
750667
207647
528418
309951
832418
753270
156552
931633
883871
651432
607091
872312
934464
247982
206434
724584
824581
851755
417225
191671
921515
266017
767616
619683
856697
954108
64278
754121
529075
454347
46065
887303
151796
397263
696504
978712
996976
335513
761264
716741
702298
592564
438978
889281
283240
453612
518273
227666
306780
799446
435964
621931
636604
212666
423728
334705
23129
885146
554318
677721
759651
472106
979021
310759
831526
402544
594812
438263
48098
549504
618100
274150
325805
946000
100154
692756
581798
297386
756630
46127
92987
507802
970968
737657
908405
256342
722891
530619
241254
409495
475397
575852
565457
334864
957167
209815
806180
410745
572032
941951
389955
664903
416287
860261
789719
791399
931203
392723
716454
85172
970876
897090
366485
145831
856842
142340
363806
9501
155238
383504
401568
496646
802262
737216
10034
993002
976236
773529
473474
958740
839223
813723
393791
148838
922910
628548
672673
398849
299541
631796
807428
883411
356827
584916
354982
944977
116876
221341
752705
677414
6241
284547
136894
124761
130236
984504
467459
520225
80684
506671
718065
553260
743926
614155
191183
202437
72794
666488
748852
648132
648224
369433
830124
589421
595825
544708
149071
580419
192522
495476
944884
871237
647971
358514
593331
780294
62602
538924
406932
941140
671954
350526
586618
133502
189187
469853
84830
644318
766530
87799
433978
408376
90696
587757
775926
539832
168814
732946
954432
678694
46590
879910
110657
122863
524427
667846
539568
653072
431518
809978
205463
713546
160226
834771
330303
831162
966151
287907
490184
87670
541446
936905
123767
532094
508834
954870
168847
344640
11233
233801
109089
642394
681004
293059
717237
210529
592640
44284
240635
84678
38149
439367
239435
402394
224689
15248
8720
756420
615986
148485
921949
572683
319489
404622
593415
725588
692381
41122
831000
661214
567970
687110
488359
892834
98028
963828
314421
872625
310644
14374
503183
611070
204360
980998
68341
877712
521438
985601
571354
538566
246672
969359
208214
265863
841775
75933
408606
758486
116992
210749
469042
879441
572831
139162
233587