105606
399306
45492
38602
132316
36743
752186
686340
484803
450104
187799
674662
971748
197514
283068
104981
8495
350086
763839
426904
622818
754777
850329
92862
733995
475145
82171
949045
115184
578551
771320
342947
227851
576880
851037
74627
300401
15499
742582
599574
425226
119965
540755
78503
635723
185938
853486
458112
490191
152756
341948
519652
502979
265150
811793
152092
842922
892247
935121
431361
903387
257477
886123
260045
262686
271945
384003
874181
875599
549478
22225
570012
184409
750929
932587
887923
909162
199824
503499
101487
428531
283176
20753
934458
852399
892414
223410
998072
922284
944872
532199
968086
671964
914671
384037
42692
282550
570774
195292
378547
229344
741303
512894
85987
318637
146387
306967
774604
126703
644779
834748
450742
199882
168087
970959
372921
508570
362177
670479
956459
528160
87625
47667
180157
382145
503266
594213
410867
555805
163815
390083
634882
897670
553559
919507
830293
735603
888041
495651
336451
994680
318374
579618
819821
189844
96047
880070
144912
127149
432753
925873
297390
143604
406201
290924
948008
100066
801408
912810
988234
791036
774408
998083
17342
754656
632832
669416
88909
429706
343405
575662
318753
265335
728288
342630
192862
634889
266384
682011
58262
168083
181794
756004
761783
361447
339381
926259
594059
349218
844856
335654
416451
774997
524197
76749
390180
296346
222022
150458
92505
154966
424296
59856
813900
512437
995809
610331
910366
508039
417889
20415
729478
7096
276202
700144
991890
888749
562357
632207
316356
844873
210626
637978
412938
376362
798225
371827
958180
388448
748685
850770
544488
986692
346657
103411
533230
190928
293063
736571
615434
852275
501416
295803
57981
568973
746468
262476
169031
952800
305031
11801
860298
887093
303493
809226
242040
908005
181163
33454
387279
499196
956418
234387
502128
919052
443907
138452
115891
720494
548398
187555
289268
415421
687569
714563
301280
237270
960027
553126
613339
862866
297177
798602
411634
602843
561650
812970
869565
262398
178893
222390
30032
639729
854242
400404
792109
287040
973147
952524
866391
240308
372101
570055
851494
780575
823577
166664
668420
902744
969054
586606
591484
214833
518087
343747
508779
141983
774914
483401
252137
232199
440781
13419
281555
702100
578851
774688
624213
457949
676861
196680
40353
933278
493213
861505
907234
133820
961795
832057
209616
158797
570077
822284
933602
573948
820655
339729
701758
263586
542732
44577
890004
723969
342986
172604
495555
742567
872837
409853
173455
666896
323948
57631
405181
199303
869040
15519
737938
317197
114737
810767
328846
545426
493947
934646
82104
23852
529394
155490
384396
454738
274808
360893
638466
337279
496742
757549
93757
697855
712713
151894
889234
270992
195536
563571
560334
138678
474904
34514
92833
481828
758449
681635
9237
644018
269256
102434
71435
295454
300359
162724
559604
221496
433333
501086
572931
70707
749187
414878
385896
590395
978778
410862
581932
207256
487074
121862
784047
620770
995637
289862
485561
300016
766763
825457
723870
929617
997328
651356
758327
108887
558942
348818
980384
197786
783293
114357
337528
427211
300791
881392
605631
240105
880708
550156
149257
456294
380737
572072
520842
699074
327934
866253
599618
454113
527526
427438
338873
708116
208259
438697
802683
396835
31356
52485
464028
960749
993964
35991
207333
258736
242396
383003
93153
53373
309043
9956
841257
539118
696607
477586
808252
795583
15789
60559
49198
452983
809713
715485
960972
994242
449447
772079
189176
660612
801200
564398
459074
395248
501002
132800
999023
559132
649352
423320
807932
446754
688443
20626
145973
437772
373373
48872
669015
632195
151942
920044
480892
768633
680304
524195
219631
315233
846286
184425
255274
81348
467370
433140
821306
995378
998153
880968
502514
76594
955270
593387
282406
108705
366738
53799
28608
315076
995386
670748
716003
66084
289343
764825
656340
133339
396716
842544
110921
926660
983232
842083
926980
561848
292598
660974
872609
998373
617301
236366
686697
285262
587303
396502
849700
349269
205472
2773
359764
637992
238184
665430
60851
681856
886864
14116
593015
75547
882076
311013
503350
50125
911623
148389
582248
947653
27629
822034
337140
304690
39029
78146
116672
630442
839341
61198
220660
407041
840332
27408
246776
395357
298811
999484
713756
814511
391268
981433
75925
52253
891343
972945
356587
133889
834103
946786
298651
696284
927392
924810
265710
966331
294669
298356
748356
338757
600348
128324
768462
472280
774159
30471
282718
899746
812020
210694
147992
942082
636848
669736
345097
88138
976557
295588
807628
971168
710064
271276
383714
766686
624120
562708
416282
886672
591579
48393
754658
976494
598812
113073
3433
372093
423155
365541
148176
994016
736068
854796
209316
753242
885445
602236
166544
543027
113277
268863
59123
946939
126855
426112
933106
773345
112505
848651
69948
802608
661173
651088
505544
599857
17666
150571
881287
391711
732122
575880
860209
300457
246090
613534
469661
624805
740600
487852
297454
714407
475087
773801
18715
273064
995076
72466
513445
192171
257452
938148
942738
731983
104025
14415
94970
242720
524946
768770
738897
774362
415702
14572
634253
312223
194529
804497
1054
75914
329439
890239
538305
492845
437267
264913
836833
309126
879141
484161
247457
232380
621120
971770
492611
894261
515495
131922
660228
949131
757586
786230
294404
131795
530039
443618
721289
806474
851605
771611
708524
490086
963152
761133
569029
840356
258063
370241
292895
386116
91507
276356
814719
462120
937902
125871
792890
444358
598568
156639
136516
656480
897551
882692
628468
112707
28023
95723
41231
283920
651525
752111
65775
131903
999360
145498
617753
212532
419590
128777
815894
100329
734087
203429
588185
464106
535379
188018
824654
758425
999676
175528
396246
715646
27938
932271
372912
117383
360201
40266
223767
363872
13119
308252
324200
925467
90759
596462
188235
655366
3003
391573
471646
933201
859188
980028
849796
21126
980729
386884
943426
976285
783199
812332
192074
166539
956358
42877
472389
275262
792543
477373
448903
952254
456558
958471
761950
791259
291927
676776
372086
28319
950371
218877
607355
204957
649470
586296
676950
891397
390255
955499
906280
815379
590172
500188
881590
651472
500579
176277
725121
730808
777937
717963
607100
277450
438562
809666
391744
173002
919909
108900
731982
468120
381908
603725
976427
325433
269135
91626
590902
69453
643064
873669
916898
431350
140962
101514
550211
862014
494726
720245
912238
525252
981382
372752
936121
432251
752086
937565
496918
400406
15427
182025
747112
251844
138009
641048
553351
405369
500397
667750
343511
52247
103198
783863
535053
394990
368969
921696
505611
621927
111070
167845
974006
650440
641652
262719
121733
364459
25189
30971
81808
185805
313601
866886
786151
378795
970799
217459
495029
110247
89029
579653
673638
250519
177626
518930
552388
922584
410267
477179
659625
457880
869599
688429
567656
771134
942107
114176
663731
157413
638292
755110
426874
466171
854959
503324
907050
939999
225735
587453
273878
766645
14234
811067
726756
655109
183617
725587
868681
67416
86700
200838
504797
317982
570251
885251
190665
655398
267354
453134
964474
686411
419194
141398
748374
952137
352416
134113
479861
993278
511883
158057
434921
929499
547233
305716
282180
913919
833826
587264
436954
463557
157177
976860
533126
58212
783839
389845
811822
834946
583036
14744
962273
243923
126287
8343
382877
57309
261117
407917
600998
351159
867750
799830
207337
546424
54393
81526
63534
432224
298931
432778
929315
623011
38833
307519
415854
9308
8228
650397
295206
452369
546548
220842
937265
90261
798280
899865
146740
853120
232123
755360
661165
981011
365221
32241
384131
646004
370672
619076
74977
986896
157014
709823
74649
477530
799496
178804
995057
540218
201466
921613
924412
827086
438726
310312
903090
176207
443087
914838
453989
380428
779794
92632
669181
967059
815920
694203
636251
981624
407855
399223
199161
613654
755370
674938
75599
992973
111109
591595
422070
381868
213879
492380
602591
728138
782012
236037
801291
51003
195476
610987
804944
972817
781477
970201
90462
793232
65579
249225
581913
823141
756205
120838
876583
935934
963636
516233
771935
810074
469269
600640
62660
752340
644239
245416
387167
49577
185976
902746
691912
399981
277807
996824
772112
814809
459354
299096
126522
11292
744533
76587
513522
284475
675729
536051
99740
526308
414292
921855
280122
250314
178338
269022
173074
924740
355153
28536
226173
174985
496014
387504
355968
312434
814533
318755
978029
541462
491634
29292
769240
722041
84901
662144
564350
688855
963094
857752
604048
149940
838574
205687
744253
751558
312264
186078
387244
485236
138531
965783
94871
79948
262248
137317
48976
895683
196599
401959
161811
500083
569805
841723
582434
179588
822910
979267
721603
985835
879555
596562
95265
499316
91049
801471
11108
562436
624270
377586
127026
991851
191620
499877
665800
403418
497345
481136
22920
370398
582557
538078
280069
289161
57409
689604
839504
651685
165646
976052
623683
404889
1329
50183
881426
580150
682279
20776
71136
788850
150760
25514
886256
739051
97154
693868
99152
21128
83475
320130
443471
792120
186757
700364
614405
621147
879399
674336
194136
481545
173176
776453
931904
556254
492834
102187
652348
167258
895548
537464
447092
847357
191959
368383
727600
574326
335723
261951
467220
461034
527788
100194
695061
744305
390562
41911
991795
659126
198415
23219
369631
981354
164638
104475
385097
294028
481457
923055
697906
458843
559091
508926
758596
86170
141516
713287
720864
900344
628815
362755
654645
69889
49315
624314
329261
372026
765246
841834
927168
313016
938404
917864
525636
940633
185447
878833
846515
999396
838640
373640
683179
855500
642977
657
206098
451990
730563
682649
179405
794893
585500
800133
740527
88315
626841
993732
984163
513322
737480
712865
178181
462369
355464
6528
270486
520975
294390
272557
66174
479161
884886
817309
454751
339734
426612
502032
932632
194189
538470
29857
946001
88735
868142
500725
401186
247123
339008
105326
763827
508769
779531
872731
630522
449768
831927
65984
846062
571427
120942
896919
677281
469631
401346
498490
282174
230565
519875
230336
904971
203362
803334
511405
409040
319105
434192
439871
506056
766943
902735
64939
756264
479922
809159
748056
67021
315946
194132
555028
106078
280773
314023
611171
788292
340154
758550
150691
79048
88803
941589
835074
539012
106991
576316
603210
726629
703708
799592
758247
124764
211843
133154
193235
456086
160633
845160
329127
488248
170368
299296
802495
153668
361369
72321
729541
594343
55294
996998
576249
360312
974676
787618
270576
219351
645113
613890
965900
666330
810092
134490
849868
394624
642070
259319
298729
136982
753244
268667
900988
331259
826919
823519
402809
790950
66138
656219
147385
66462
99757
555551
239856
557912
479231
617350
676197
665073
552100
516861
468935
527894
286795
173041
291673
512180
512140
621418
92738
6621
868486
687339
440911
564393
776196
764345
135286
92024
629046
304331
121869
789035
282880
786630
256601
891391
943261
804357
975626
393814
94648
177652
149291
61328
172324
51959
439323
181698
485039
170902
83860
952363
934074
473148
672965
633641
124128
902225
636755
275943
146975
123138
863318
14810
482701
43626
468824
436858
211626
316597
152154
529239
249024
71187
284877
147360
672982
705815
5839
266194
13475
814414
837345
535469
372254
124127
212594
783701
696068
877713
958599
888219
104195
785836
797939
869072
523249
526285
992998
679955
19953
774477
833530
212541
398819
471200
94303
310380
399726
65752
748871
306338
523577
438956
422978
870220
452141
594836
141970
12696
391276
345322
14661
626773
491270
694968
596053
471671
769452
810940
610807
500981
756370
184990
27924
872322
848240
652856
38016
750667
207647
528418
309951
832418
753270
156552
931633
883871
651432
607091
872312
934464
247982
206434
724584
824581
851755
417225
191671
921515
266017
767616
619683
856697
954108
64278
754121
529075
454347
46065
887303
151796
397263
696504
978712
996976
335513
761264
716741
702298
592564
438978
889281
283240
453612
518273
227666
306780
799446
435964
621931
636604
212666
423728
334705
23129
885146
554318
677721
759651
472106
979021
310759
831526
402544
594812
438263
48098
549504
618100
274150
325805
946000
100154
692756
581798
297386
756630
46127
92987
507802
970968
737657
908405
256342
722891
530619
241254
409495
475397
575852
565457
334864
957167
209815
806180
410745
572032
941951
389955
664903
416287
860261
789719
791399
931203
392723
716454
85172
970876
897090
366485
145831
856842
142340
363806
9501
155238
383504
401568
496646
802262
737216
10034
993002
976236
773529
473474
958740
839223
813723
393791
148838
922910
628548
672673
398849
299541
631796
807428
883411
356827
584916
354982
944977
116876
221341
752705
677414
6241
284547
136894
124761
130236
984504
467459
520225
80684
506671
718065
553260
743926
614155
191183
202437
72794
666488
748852
648132
648224
369433
830124
589421
595825
544708
149071
580419
192522
495476
944884
871237
647971
358514
593331
780294
62602
538924
406932
941140
671954
350526
586618
133502
189187
469853
84830
644318
766530
87799
433978
408376
90696
587757
775926
539832
168814
732946
954432
678694
46590
879910
110657
122863
524427
667846
539568
653072
431518
809978
205463
713546
160226
834771
330303
831162
966151
287907
490184
87670
541446
936905
123767
532094
508834
954870
168847
344640
11233
233801
109089
642394
681004
293059
717237
210529
592640
44284
240635
84678
38149
439367
239435
402394
224689
15248
8720
756420
615986
148485
921949
572683
319489
404622
593415
725588
692381
41122
831000
661214
567970
687110
488359
892834
98028
963828
314421
872625
310644
14374
503183
611070
204360
980998
68341
877712
521438
985601
571354
538566
246672
969359
208214
265863
841775
75933
408606
758486
116992
210749
469042
879441
572831
139162
233587
899517
892255
651268
234159
386352
958748
309740
749048
792259
468224
252379
114980
550186
632594
88977
263155
907745
20953
641181
906422
991486
567450
194935
273866
743011
813627
389451
667883
90685
778153
457700
668107
58575
949632
954921
170590
254396
692982
307954
701249
843025
157814
610298
556684
736086
32848
325897
246769
420853
435320
531230
842434
848172
434704
604182
780439
161501
972712
716355
762692
306809
520764
43836
690923
942263
902534
426970
660224
964246
352689
39710
817697
77177
593051
293053
596797
566250
631898
731229
849898
727835
661031
533080
564729
509597
733487
967996
570901
962665
496707
923987
952164
688271
188178
601875
944805
370852
206379
183815
688055
954129
598066
992926
969049
996028
369410
199971
978291
771804
21104
668054
533601
642270
57949
907980
846563
798346
879667
349046
473739
133989
304926
281380
573576
543531
746253
653880
435603
294159
294456
854343
490254
667132
441406
535070
845511
282159
987506
472928
205187
722503
9472
251305
497440
948401
641836
466963
528865
593282
620074
495073
102968
243083
135714
38913
138370
439856
223593
688449
443512
72472
72468
75385
978090
180096
815131
163164
61050
690065
47670
370733
940575
684771
168232
681971
263535
286359
67077
591041
786688
157233
320322
881950
785439
440757
914636
817642
130088
358580
766080
580847
861984
112887
959117
649369
478573
406350
678073
516863
570177
24724
471911
5441
632666
526894
534284
847503
737719
404538
888906
706969
767225
289709
253577
450434
816151
292253
85230
434575
482009
84432
793837
796419
666151
301620
207970
186445
353333
576949
874220
774970
562266
719268
144365
856356
574573
508857
499396
250738
207699
68552
69685
623412
661184
323248
679468
86237
39951
225887
764659
436854
69024
809089
205
667681
891742
362495
643238
467559
419523
47369
250065
425934
336585
468056
279991
324429
458955
148685
590028
199168
344588
11153
723130
598845
939528
276122
105959
857995
310411
971846
239986
679789
877652
611284
154691
833150
593303
576281
682470
810276
687025
285405
464637
38908
756613
319482
70463
925436
268677
820505
679066
274960
872290
236145
104949
305123
198874
680390
32511
843982
595010
859808
416481
867871
496822
247415
152489
229120
527414
387883
27046
387036
962015
990102
536982
210656
744186
471331
91177
108102
433956
753229
554858
604343
673027
433256
919745
55656
313656
323030
935469
647432
369221
174378
530243
37763
76805
662491
262260
319840
808923
682595
622743
863206
515258
733837
863122
665996
670998
349318
661899
858924
954448
818393
622692
371524
53443
109225
257763
691093
312700
114479
938104
492192
645131
255787
636669
357755
646298
704537
737090
536597
496515
534675
697773
103010
512809
141360
671008
750368
465382
514525
226729
530997
105797
810153
448999
992577
911632
787028
8931
830847
771800
110412
400967
96708
241618
123370
570196
767229
146459
586496
556445
635420
260337
610610
465354
559311
336846
495553
541501
417458
377498
220004
552698
790805
769517
316154
989520
141283
834538
165589
957800
889954
983042
788121
207507
562826
885618
88765
725682
404481
465752
614615
329931
497715
153978
143940
920169
353294
694768
241695
79292
808685
233986
842863
195946
244447
968235
747457
893589
774949
137810
363317
841573
73942
478155
993195
445230
303672
117692
384953
702440
300267
727171
523654
388072
70382
284094
885239
555684
178386
510345
887952
25414
73713
595780
251491
252703
477427
408001
541455
268891
142174
601847
272197
401030
878978
960352
64499
11510
570858
330003
687356
354439
634411
87715
893747
299793
296925
492119
826174
782678
788843
642007
843736
235023
331863
913371
185730
330427
50736
2304
175040
124038
256174
429639
298823
253116
475420
312606
338286
883096
114703
433429
63313
197414
463433
479879
924087
192036
424980
746819
323440
47891
701606
812354
536553
885019
615877
867203
594503
559337
702677
706369
747415
845489
144266
989589
617112
421838
552271
762732
441996
332196
667220
820378
149802
519132
291595
616335
100219
351713
448699
491802
27950
305961
388977
86990
499794
104234
656649
251599
866819
293348
714089
116576
217769
198228
819842
685526
471433
856390
511119
255025
706853
684137
244156
88702
408282
293631
675876
352210
62720
495001
756578
308949
210325
768636
501142
101197
719749
944450
222955
149618
315515
318584
721597
533069
821519
253383
819270
609279
765188
549385
96151
501534
262989
116726
795779
326119
452202
446240
679775
818937
328517
59094
485071
912724
666603
776666
288497
579100
857180
646024
869866
452052
976957
367937
833496
778117
243899
170723
606617
256677
531005
43462
73595
198852
836907
681119
661658
946747
94210
332957
998136
103934
897856
876219
203213
582341
791733
569219
171392
38860
352074
310434
673852
393094
618328
803721
410120
934205
575154
914024
383738
635212
14902
349575
920601
743400
248505
426408
705562
366248
302542
929565
849364
740447
391475
13695
695802
945279
341969
773783
173725
764910
210002
829376
37357
813663
232182
284425
76427
840786
435096
647204
612829
154928
735964
245827
215375
222376
69659
457751
575775
807868
55341
348777
793314
723748
902992
163874
816070
792577
202041
358680
931213
724878
813374
977972
847308
244345
580456
85495
144641
10264
294099
830566
695619
549004
657536
644492
536246
18137
464540
476809
497511
893711
791615
633239
347691
883485
174054
993873
308222
988417
352605
625761
818400
756493
335225
768887
514604
577405
544904
957579
473731
983504
769884
530721
52161
403440
782722
849240
75368
750881
961755
273797
969674
680139
867635
793034
861197
486851
18891
613824
240346
617359
240916
990595
534077
94298
556360
896749
195619
902684
51888
516706
706852
143572
658031
439594
460762
41377
540057
230660
635356
620153
398739
136351
465682
481224
690411
739689
443747
664715
70618
373450
924070
68620
116918
582684
219460
96957
274702
209470
700678
882403
354009
202492
942485
603351
219116
757196
459131
719059
350887
695437
57913
455464
788905
757053
354387
661039
570843
779640
498535
693403
353731
613456
208826
573720
873746
893640
847717
184411
657597
326170
200544
126695
437432
318341
37692
493053
473360
840901
309288
902723
877852
928590
254152
989703
872025
941668
369175
334828
615204
808053
800185
266650
236621
392903
847590
642250
316519
394370
8157
489363
191325
727222
629714
688201
944094
803009
496892
542367
678779
90969
383572
643231
112099
615988
368227
705173
331716
804221
139060
813595
505028
827906
956393
739361
935319
600630
203670
555832
393156
907289
654790
548194
516489
981873
782419
213665
602628
905628
582009
767943
326965
819583
133813
253200
981529
179490
483553
351099
901039
483592
588535
778588
631060
350132
649438
121176
375977
774698
536481
149892
828759
564653
109507
876500
656069
776782
129155
943307
816517
756676
62473
82479
803538
838928
325037
703007
925826
16482
414331
739103
158614
966352
980915
231142
203836
155678
806556
298058
634705
1357
493088
300407
127096
60250
195254
220981
249472
828921
569942
153010
717610
207650
595580
365854
130610
212603
947085
615586
663636
182449
919059
252667
353716
8641
259152
219144
598834
934537
223590
355616
916800
565409
189879
45029
140952
143997
82431
666907
570018
934750
68142
573514
970860
268636
955337
10028
279226
299902
824362
218198
94132
59633
275151
869668
238633
966787
648127
411640
405821
414131
244418
573306
255835
418066
503996
630059
353700
522182
593540
840969
180553
885492
548638
796719
219514
353437
702841
164228
735696
46441
567306
267059
160358
94911
598714
604413
595664
397902
106626
342696
995724
642989
372780
354604
109067
113885
889826
633778
102249
25971
273977
151952
456550
593722
996276
477670
705337
908631
764199
944315
192681
900781
106141
703536
956801
479642
732769
568242
178664
117876
446944
74783
926728
513377
446239
26502
674821
430614
525635
789730
733731
479988
206291
1470
365752
503284
224586
936526
504606
156301
935117
620230
309694
926149
968092
792270
989101
848956
666996
519576
572389
482987
701867
305335
107152
910231
317494
805675
834154
152798
151569
276421
768619
769407
326427
728571
905031
738128
995467
361016
140755
192945
689127
832242
379426
708791
348157
359812
810898
210313
372482
481202
898362
99793
331692
570464
313251
102015
228339
912574
568744
905596
745442
745236
658949
970990
23441
557270
372634
140615
918105
555708
739942
395796
913411
740518
223810
958913
46309
20503
536757
297727
233553
147959
787417
183485
57615
970714
132521
130439
278284
666539
191364
785121
100266
159216
856259
354668
634946
562810
824094
609228
213009
619418
732797
766323
440039
765803
926218
704299
136447
531760
290543
92424
385027
270071
319432
901209
975866
66741
828243
447059
340422
847599
513565
335458
521972
281140
865347
361883
497695
34377
312028
69771
805960
37809
69605
384100
773725
988692
924612
152328
756154
878596
646869
4822
114932
539781
578361
230080
574979
496423
332300
929280
962072
661916
244083
428864
306859
707266
925472
96331
49808
30920
576933
203693
862639
128670
897049
223812
659827
935791
791606
603764
811191
402082
821251
396789
869153
591317
687905
785136
528691
69953
548325
881725
443109
242586
136904
911320
605660
319184
712936
203287
599654
291148
910529
809400
18307
206478
803599
236236
348414
234585
246045
488432
720386
467814
171624
164339
68144
970463
818223
427771
783859
361151
900954
530736
914699
565755
754261
980302
967165
509089
122986
57933
329827
745455
680515
782895
858428
553214
192973
19965
728387
365919
694708
19406
218973
190245
552699
963898
149824
122067
550559
104336
501617
795778
542854
483130
568690
262251
27400
916873
326125
998624
659652
62788
673542
858387
185924
27264
164850
541835
766109
682097
223358
92381
360079
578254
310672
663788
753399
430424
703322
396936
371447
260269
538861
451886
310137
160985
400210
195818
531933
366487
532423
113795
43891
656572
74322
98868
695610
32885
575570
599285
685546
733631
781803
458047
698431
332330
977827
538228
621368
718894
395595
715740
594998
92916
932114
468130
167043
126639
58792
743757
532330
537706
870589
421115
687835
493580
372587
656451
973600
843705
6484
158583
510624
375241
845531
892006
757373
389215
499485
746749
856880
440150
634900
618556
73977
253781
361063
557835
995623
277639
656765
35270
943425
281581
669093
323202
568164
652303
922402
200477
96645
819786
31804
856885
880097
670795
371328
389201
996188
791748
853567
342036
849873
397613
160927
490173
531995
561416
264588
819004
364729
433895
685039
237463
865103
86400
267578
753968
469161
648800
154659
809708
849163
939387
520159
718635
351395
602542
911071
165802
599455
793206
69861
501786
901312
783941
745186
297759
7464
126064
846540
621017
971497
960096
495100
754785
754513
945887
310831
78344
429661
565729
328553
571724
164405
335900
448609
474352
125357
657315
984565
767928
131559
220415
557913
585708
679436
696225
274783
508691
450936
606566
864766
718555
27222
371803
176522
380173
203443
940039
389762
608817
846934
952387
132967
945318
114720
457939
831283
199974
920996
456768
486797
67512
248512
297160
739918
353712
85173
521202
223318
160726
435550
714607
253553
809005
753630
255996
408193
236626
13255
850509
771080
58669
810758
59038
36576
303869
732685
186313
634765
665486
180324
352642
585604
928552
555954
380562
325907
995934
188825
864607
754803
255288
981664
77514
593268
113769
395704
551793
461301
483667
73892
344980
843747
829810
602915
613415
636582
739188
862900
197854
466434
196442
750394
8830
531049
581537
117245
612724
893335
94124
288365
191637
84592
212456
31784
1289
999244
31338
65630
690562
534320
237417
270834
332996
442366
348205
43642
220320
360775
770254
462668
845166
51145
721911
710929
761830
466155
4859
819170
690514
527300
356778
137862
967694
45227
602936
664975
916162
11291
266260
953168
894190
232014
355972
997087
45854
979235
34122
711169
462400
472145
634760
58215
977526
872421
103389
736332
849268
952250
801436
893528
278271
544419
689925
357721
255885
797798
549062
953598
515075
646356
958078
93192
210972
735938
691086
311623
952928
517781
952082
714309
930607
758833
126775
94402
403422
984987
247326
830431
926003
740572
459170
719958
898847
586363
520482
343177
844648
831903
412372
571069
112537
318326
815199
553068
860632
194842
805815
886081
231275
927058
639665
696681
966409
833648
4270
697349
236351
271326
939785
268029
127440
479013
909497
17191
176937
716309
109286
797097
627347
349379
671320
254109
995829
476863
695423
248406
968767
695011
244392
809135
867920
613983
90520
336032
708361
670978
273539
197363
606779
913046
350048
836072
560177
218230
600557
765447
527618
389905
59224
983293
739924
227260
76084
403716
224293
61293
171182
548145
885499
241313
167087
833659
777853
898082
608867
485860
230621
148873
464945
69846
882730
690931
27318
30297
932018
57193
727669
919568
46099
630310
780412
813550
532381
234738
628180
221020
508833
863028
339475
799976
418197
748370
410399
738724
748805
587040
434506
81182
145160
738052
863683
939975
799096
6096
535173
897231
256010
127015
765010
599498
13055
879264
87822
364515
626133
310839
231854
336962
73804
320492
535171
51532
139472
121052
290680
12984
170386
350908
376401
897257
222797
161275
333715
23126
201433
20438
197105
663781
13234
725581
503330
203955
408660
649005
412074
626451
534531
321984
727433
523556
9702
711795
913574
761159
75557
567054
323291
643811
947433
896769
894906
606479
880572
961822
236480
289024
549848
342097
388559
115882
723264
241461
884354
672788
681664
71888
766830
963874
260131
193739
133943
309817
514740
270497
235210
505164
374
546652
740444
385478
248646
512330
634821
948936
989231
681781
46106
194037
599696
221033
184334
175661
858644
285667
723616
141979
261924
498620
892543
935106
948793
787873
733394
462300
891308
36081
35702
849407
469449
816226
646190
66704
505867
16526
734045
529649
55589
532869
39019
144566
345330
934360
131537
500749
539102
805669
96034
869333
406790
972362
960899