0
0
15027
731
40534
93525
0
29769
0
0
60394
0
0
0
0
33817
44991
27758
0
66289
0
29338
6124
24284
13945
4177
0
0
1665
54552
0
0
21548
0
5805
0
88026
0
0
0
9188
0
0
0
24172
49983
0
43428
0
0
30043
80669
60452
3447
10906
76038
0
0
33253
81171
12758
13873
45924
0
37539
0
0
0
79381
27399
16831
86022
66638
38421
0
37216
0
75316
27267
38397
0
25507
0
13950
28596
38429
8767
88329
33196
0
0
0
0
0
5333
0
0
0
38110
0
0
21749
0
0
49435
5677
0
6152
46966
7051
35160
94849
72574
0
0
0
0
0
7773
22632
38712
0
0
91556
0
16325
33313
0
72189
78375
0
0
34452
0
0
0
0
19501
64287
47893
16123
92402
43802
90053
10908
38784
10702
0
70618
89822
26115
73675
0
75516
73222
17989
78934
0
92832
0
0
47598
25482
0
0
75099
0
0
0
0
0
58180
0
8630
0
0
0
58915
0
3977
0
27801
48500
0
0
0
13132
0
0
0
0
0
0
64476
63533
0
34944
0
0
0
77963
39127
84236
0
0
26765
94873
13366
0
25819
0
0
0
0
0
0
0
0
28481
83744
98463
8515
41516
96656
0
49271
0
0
46984
24319
21054
15211
56992
93158
0
0
0
0
0
41445
80481
0
0
0
93331
0
36282
98396
0
31441
0
0
0
14759
44328
0
0
0
0
13423
68986
28089
86327
0
38237
36938
0
69839
76618
0
0
0
0
28133
54146
28879
84829
0
0
16266
0
78891
0
0
0
0
0
20371
71828
72725
0
0
0
22882
0
28905
0
96659
0
10764
0
65307
71605
25735
0
71848
0
0
0
0
34209
0
18467
18742
0
0
35566
0
0
0
0
12597
75088
75998
15595
24815
68406
0
11148
38328
20098
0
61764
85590
0
0
8891
0
0
62788
0
0
0
0
0
0
87944
0
0
32419
0
63226
0
13912
73520
64027
0
74123
0
49247
0
0
42198
67156
27284
0
21616
0
0
0
71405
76168
8521
0
33907
0
86677
37734
0
0
0
0
77588
0
5054
19109
0
0
89128
13123
87649
68260
55603
0
0
391
93003
843
0
0
71204
0
67408
0
0
43917
7198
50401
7537
0
95752
0
87061
0
0
30370
0
45722
11585
0
0
0
0
28573
63214
0
85243
0
36176
0
13719
0
57168
0
0
0
57496
57545
0
0
82147
0
0
0
6702
0
51188
0
0
0
0
9490
13751
87780
77529
96742
17040
94991
12216
0
9506
0
0
14346
89616
0
23269
0
35683
79745
0
12961
23397
0
0
0
0
25133
0
60780
0
15786
78200
287
0
0
89450
96671
0
15420
0
52072
0
0
0
0
0
72407
62489
0
18911
0
0
0
0
17289
0
97931
62945
44906
28098
0
0
0
57575
0
66454
0
0
0
65812
93904
0
0
47993
43173
10083
20611
0
0
0
0
953
46843
16307
0
83825
0
0
77799
0
44055
0
47958
90691
0
0
0
66691
65831
71125
57927
0
63418
74337
93883
0
0
25456
1277
0
37965
8252
0
0
0
12697
0
69691
0
0
90644
0
82807
0
86094
82391
83870
0
70134
0
0
0
0
43484
62223
0
0
0
0
0
0
74222
0
20591
73964
0
6075
78613
0
0
17912
0
91999
0
0
0
0
0
0
38845
39164
63280
41406
0
73196
0
0
0
0
28680
97820
0
6160
0
0
50822
0
0
0
65517
0
94860
0
0
87775
0
0
0
81000
14188
29496
0
49058
0
86709
26753
34323
0
76968
0
0
0
51848
0
11809
0
0
0
2846
0
0
62365
16479
0
60847
0
0
88267
66304
0
46282
0
0
0
90626
76773
0
0
26963
54065
0
0
37961
0
78201
0
0
0
0
38737
29845
33617
77358
0
61132
0
0
0
55637
0
0
0
86049
25928
71618
0
97695
0
69589
17583
67951
0
0
40633
0
90095
12361
0
0
4340
65491
78977
0
0
26829
70890
0
0
0
57311
0
36259
75555
51189
83040
0
23260
69161
0
0
30032
36054
0
0
0
0
0
0
0
58885
90810
60903
0
68383
58024
0
13063
0
26184
0
0
0
81664
0
36475
6590
0
7263
603
0
29014
65643
0
30347
0
0
0
0
0
25449
0
0
0
0
60962
19790
221
22224
56944
0
41931
0
0
0
14414
0
83697
1642
71775
0
89199
49074
54486
3890
0
83438
0
62158
0
60997
0
77836
12270
75380
0
0
0
38104
0
55097
0
89275
0
95511
61401
33638
66847
61944
0
0
0
0
83788
0
38143
0
0
21614
0
54259
0
95876
29303
88062
0
38467
0
0
0
11072
2196
0
0
0
0
41193
91415
25478
0
0
63340
67112
88560
41158
0
34892
50290
0
0
85009
96658
0
0
51579
0
0
24486
80906
0
52446
27614
0
33630
69935
0
98462
0
0
0
0
19130
62031
0
1013
0
61049
0
28869
0
0
56036
62981
0
0
1450
89457
0
0
0
0
95326
0
8309
30700
21367
801
12665
12728
0
92140
0
74642
7408
12162
0
81132
0
3160
49813
75771
32889
46266
48984
4414
0
0
0
0
0
28324
57055
0
0
0
45873
26439
0
99253
0
26400
0
55382
0
38761
0
16190
10423
54391
68910
0
93746
65236
94331
0
32400
0
0
0
8826
29592
92525
0
0
16094
35793
0
17509
67812
82988
0
64500
0
41433
0
0
78001
0
0
94977
86018
66490
5465
0
64862
0
94532
42556
14393
0
0
0
69381
63982
0
0
0
37128
87283
0
0
5399
0
0
97565
0
99920
76694
56283
40351
0
37
28448
0
0
31377
72742
0
0
0
41752
0
0
28292
19022
0
55612
0
78205
0
0
0
17276
0
0
0
47916
0
95963
50403
13365
98659
4017
0
47027
8732
0
54982
58744
29003
0
0
0
0
83122
25178
0
0
0
83368
55649
0
97841
46250
0
0
86484
0
9630
0
24759
40612
65448
0
0
30984
0
0
80831
0
0
82137
97707
43960
0
0
0
46925
0
0
0
0
0
78770
0
0
0
47792
0
65277
0
74172
0
0
0
0
48116
6443
66701
78690
94760
68011
90136
0
21298
0
77920
85489
0
17819
3106
55676
53690
0
58611
0
0
31602
12066
61074
86046
0
33593
19119
0
13448
0
0
33988
0
0
6156
0
88153
0
71791
36540
0
59302
71994
0
0
60985
0
0
68015
7309
52685
46851
0
0
14102
18358
0
0
21802
0
0
0
0
0
62997
91036
87751
0
42714
0
2462
1229
0
0
0
90860
0
0
0
0
53123
52762
81017
0
0
0
0
42067
0
10712
99008
0
0
0
78401
78736
0
0
80889
18026
86803
89660
24700
0
3492
20069
36690
13190
0
24786
27686
5048
0
58957
62109
39769
56740
82792
0
0
64498
0
26027
99843
6434
74472
0
0
0
78119
7089
6347
99141
0
79480
0
0
41361
94198
64260
0
26156
0
0
32126
0
0
0
0
45759
9701
0
86698
0
19494
0
0
89920
0
0
5742
0
0
0
0
0
0
82325
4842
87920
0
54490
32109
65843
21593
0
0
78149
0
13289
0
0
83911
0
0
0
0
0
79384
75792
0
0
0
0
0
76777
32066
36601
93444
70289
0
0
0
68894
4626
0
53497
0
0
26583
31308
96420
72200
0
0
0
17014
0
64503
0
13801
59688
0
0
0
0
17564
3616
0
0
0
32646
0
0
0
0
0
0
87793
0
0
0
0
0
0
2934
32658
33721
5718
15316
33087
0
9039
67605
0
0
0
0
8432
0
0
21796
65797
0
0
25506
96834
73131
79720
0
0
0
0
0
0
2874
3257
0
45333
37754
0
72125
96356
0
22944
825
0
0
45489
0
0
89563
72625
0
22403
0
0
0
0
0
0
0
82765
69563
0
0
18867
0
0
69346
0
54642
7742
70788
97209
53012
0
0
60822
76357
0
0
40718
56798
0
0
0
99055
0
7429
0
0
0
202
61807
61733
97581
94677
0
0
31055
62622
83025
0
0
65082
97419
0
0
27016
0
28969
24773
0
0
0
0
0
0
0
0
27775
0
92944
82281
32589
2414
11273
17407
0
0
0
0
91816
0
69845
30794
72454
0
0
0
0
0
57000
0
0
44558
0
0
0
0
0
0
7036
0
69987
60020
43203
0
82103
0
20527
0
10541
84362
16495
96601
0
0
0
64404
0
6852
0
47431
90386
0
74890
97756
1662
4442
0
0
67760
18050
8766
0
6731
98362
20848
68478
0
60040
62299
88363
74392
1846
52164
93370
2419
93397
19464
0
0
2103
15491
0
0
91549
90052
0
0
93286
73376
0
85851
93506
0
0
0
0
0
0
64637
0
44082
52709
0
4899
0
0
83222
0
0
35328
74918
0
0
0
0
65267
0
58894
22143
76083
14660
0
77
0
62941
0
5015
0
92847
99126
0
41542
77226
37206
34597
0
67345
40015
0
0
39506
16227
49913
0
18193
0
0
91683
79035
0
0
73268
0
76510
0
47228
0
0
24117
0
0
53988
0
0
0
42875
0
22173
0
77750
0
0
0
0
0
86121
0
0
72524
78715
12807
32553
50705
52566
75871
50811
5261
75328
46431
24769
93751
76482
63200
71076
0
0
0
60793
0
88119
15572
0
20228
45971
80885
61743
83418
0
65239
14831
0
0
69908
96907
0
0
0
0
0
35932
74073
0
0
45250
37879
0
284
38492
0
94577
13621
0
80374
16645
0
0
0
17559
39582
59105
24722
0
0
0
18827
43155
0
38451
0
78494
60033
0
0
69039
0
0
0
23014
0
8000
21287
0
53039
0
44821
0
85685
0
65983
89374
0
0
0
12874
0
0
0
0
0
0
0
36965
299
0
24552
0
0
0
0
36844
0
0
0
79881
0
0
85345
0
0
37870
0
0
51649
0
0
68286
0
68364
5167
61553
0
75091
0
96642
0
26289
84866
0
96946
0
0
27563
0
41615
62150
34974
98586
0
0
0
0
25759
0
87936
0
2751
0
28728
82741
0
0
0
0
48581
0
0
0
0
0
0
0
0
0
0
0
0
0
58295
98206
0
0
0
35111
0
0
0
0
0
96678
0
0
0
0
0
0
0
31888
0
40513
24334
69789
65339
68496
0
35475
0
67208
94213
77959
0
25788
0
34750
89112
0
87198
88588
0
30953
70334
0
71825
69667
0
67697
47422
55869
24923
0
0
0
0
0
0
0
0
83867
0
36097
0
0
0
0
0
0
15727
0
5929
0
3244
29208
0
19879
0
0
36105
9434
0
25290
56620
18831
0
21356
0
19733
0
0
0
28838
15037
68298
0
0
19563
62375
0
0
0
0
368
0
0
82794
0
0
0
84424
0
67739
74155
0
0
0
78872
54624
0
92981
0
10491
69594
0
0
0
2686
9087
23855
0
0
38115
0
0
53034
77448
0
57684
27886
0
0
0
75347
0
67848
0
0
2334
0
59605
0
0
0
32769
63482
0
0
28526
5194
67148
0
0
0
0
56228
3051
0
91146
0
52701
96600
64400
58946
66359
92028
98714
0
46658
41389
0
0
0
79736
19954
67558
71029
3898
0
0
33356
0
0
0
17513
0
0
0
0
0
10734
0
0
0
0
0
0
30044
0
35052
0
21585
0
87184
0
18067
0
55911
38288
0
0
0
41149
48218
0
76303
43008
0
0
45712
92311
89680
97417
0
0
99468
0
61199
0
0
41919
55579
0
0
45737
0
0
45856
19959
0
0
64178
53340
1397
0
0
3068
64418
86668
64450
0
23837
26621
91708
0
0
81385
0
0
0
35848
0
0
66141
76684
0
53480
97430
94666
0
0
0
0
89969
10329
0
0
1237
9960
92801
0
0
0
0
0
0
99820
51498
29180
20750
0
60265
0
33281
10003
0
36089
0
0
46819
0
0
0
78303
27587
0
75291
41357
0
32739
20951
0
0
0
0
0
0
74056
0
0
0
0
2040
0
0
0
5840
0
0
99428
0
80380
80494
12971
0
0
561
0
0
0
0
75997
0
0
0
0
64551
95609
0
80843
68348
6698
81129
0
0
0
32244
0
0
0
53617
0
90500
0
0
18096
10088
0
72944
0
0
0
0
48203
0
96216
39840
38875
0
66095
0
86058
0
43494
0
0
0
0
10359
0
39535
25145
0
30680
46262
0
0
0
20555
0
27040
56826
0
37025
0
50096
0
0
38236
43747
91676
0
0
0
18682
0
0
0
5736
20559
86553
0
0
0
0
23407
84884
36977
37018
0
47616
21080
0
20321
7470
7846
0
99546
0
0
8216
0
25123
0
26100
8492
87725
93255
86041
0
0
22148
0
0
0
6449
12808
26739
0
80025
7040
10156
0
53664
0
0
15591
10505
6847
0
28391
99435
72106
39940
0
0
18257
0
0
0
59602
96546
81760
94866
0
2418
0
56065
0
31072
0
0
0
28561
69556
34402
0
0
23007
50880
0
35759
95992
0
0
0
0
0
78471
27018
0
0
0
72129
0
73139
21572
0
0
40042
0
0
0
0
75815
72022
93202
94834
10503
0
41780
86991
18645
90763
0
48613
30302
37280
22167
0
0
97302
40854
96727
45384
0
6798
0
0
0
0
27395
0
67264
0
21907
0
0
0
0
91397
0
0
0
49866
38656
0
0
0
25608
22484
0
0
64359
0
43224
17927
47555
17523
49018
0
77155
0
0
0
59495
0
12952
43922
0
0
79075
0
52757
0
0
0
66394
0
0
2954
0
0
0
37957
0
0
0
0
70371
52463
31111
4554
37853
45851
68807
95660
8619
0
0
3419
65398
0
0
0
0
0
0
0
90299
89127
55566
0
0
96365
0
0
0
0
0
2599
0
65571
69813
82795
0
54817
0
0
0
0
0
0
29614
0
0
0
0
0
68369
44453
0
0
91043
0
0
88611
0
30895
0
0
0
0
0
32936
24166
0
53817
39615
0
0
0
35821
0
0
64685
41214
68956
46742
84381
0
0
0
0
77439
91250
0
65318
0
0
0
11399
96804
0
70409
68888
3445
80142
16203
18406
70112
251
76602
0
0
17821
0
0
47012
0
46790
0
0
23676
0
33465
0
8031
61330
0
0
14027
4478
0
0
13539
0
0
14185
78618
0
22616
9282
91240
8897
0
0
72345
0
0
16185
96057
19175
0
0
98173
0
0
65612
97060
22790
53367
88382
56091
51740
0
59391
0
83358
14843
50497
0
97140
39124
0
97265
79169
0
0
38308
0
27374
45787
6816
0
0
0
4543
40494
45931
37936
0
0
97036
0
0
0
93134
87417
0
0
0
51706
0
27967
47375
19012
0
0
0
0
0
64024
0
0
0
0
0
0
0
9309
83696
56010
0
0
0
86244
0
0
0
62000
0
63141
28019
15153
49608
0
4257
0
14241
0
0
0
0
0
0
58419
0
45774
89369
0
42618
0
0
0
0
0
37644
0
40985
47138
95272
0
30930
0
0
16147
59692
53677
0
11247
60922
0
0
0
0
0
0
33675
0
0
0
54789
96240
0
0
57542
15089
0
0
44800
0
0
21075
0
0
12803
82779
7854
0
3931
0
0
0
0
44759
0
62698
0
52274
76786
37730
10853
25135
27861
87407
0
0
0
50991
0
0
46868
31472
0
24935
15445
0
26318
0
37708
0
0
0
0
0
46216
30171
39736
96753
5419
0
88196
36195
0
0
55465
48415
11306
39413
0
0
23150
84143
74503
63725
0
71101
8707
0
0
51290
49244
0
0
4625
0
29975
53807
18875
53806
0
0
18237
0
0
87141
2959
0
13795
51565
0
0
0
0
0
70860
89097
0
0
0
59666
26848
0
0
12780
0
89712
0
76054
0
1393
0
40462
0
17460
45580
0
0
0
24388
46092
0
0
51978
0
0
43961
0
0
0
0
0
503
86530
13669
0
0
61966
17634
0
65635
0
0
0
80747
70974
93274
67700
90940
93145
27821
67241
24527
0
31278
0
0
0
99927
80149
54955
0
64734
87165
48185
82114
46485
0
54861
0
214
63804
0
41218
0
40893
0
85923
70531
0
0
0
88792
82817
0
0
50022
0
0
78028
5116
73096
0
0
0
0
51233
56898
0
0
46006
0
0
6675
0
77330
61470
15152
0
37633
92416
0
21702
0
0
0
0
9411
76674
0
85046
0
12500
14175
0
84621
0
0
0
19090
0
26706
0
51907
0
65905
15544
6519
60227
0
0
6864
83364
0
5109
46563
0
0
0
36389
73778
0
88741
90584
37937
0
0
0
51609
0
68729
0
74351
0
27885
2072
66644
0
0
0
18638
0
0
67306
0
96045
73693
0
0
33859
91383
0
0
61677
0
86538
80391
61081
26518
32501
0
0
428
0
0
37439
95702
27769
0
0
0
93133
0
0
24027
0
96224
0
0
0
99209
0
25051
39086
33151
0
85493
0
0
0
0
0
13688
27522
1028
0
0
24648
92317
0
87880
65303
79553
86492
53102
67050
60225
83451
0
0
57054
0
18220
0
0
0
0
17096
0
43741
0
90377
0
71273
40740
0
31455
0
0
0
93738
21001
60645
0
97691
0
75622
0
96044
61810
16108
58342
0
0
17885
0
48746
55249
0
27416
0
0
21782
1033
73828
0
0
87806
64988
0
86969
0
83187
62934
73826
91592
0
88971
82251
98425
57801
4356
34027
0
0
0
0
51275
2322
0
52157
49439
0
0
65725
59197
41728
69318
34462
0
36477
0
14694
54864
81094
7543
0
0
0
20101
0
28031
90025
42794
84105
75201
84174
87072
0
0
16510
73654
0
14964
0
18828
17449
90349
93705
0
1054
0
49381
0
14136
50698
62219
50623
0
61832
0
0
42122
0
40473
0
53706
0
0
0
0
0
0
22003
0
3966
40743
16164
0
28020
33474
0
0
29448
80411
62018
17456
0
50965
0
0
0
0
49636
89286
0
52230
0
166
0
0
60893
53221
0
0
0
69760
2169
69046
0
533
13607
13382
91238
0
0
0
39347
77357
0
0
0
0
0
0
0
0
62220
0
0
82660
97918
0
75057
0
73939
75345
0
37914
95363
0
91747
90688
0
82893
48538
0
12722
57900
0
0
36683
0
6756
0
0
3640
0
43343
0
0
71938
0
0
0
0
0
80721
0
0
0
99218
13972
0
0
51503
0
97390
0
0
0
0
0
0
96734
0
0
93723
0
0
0
11359
0
0
0
0
58413
0
0
0
0
32137
32461
0
10475
0
52258
0
0
0
0
97137
0
0
18623
0
26787
23946
0
0
30594
62972
0
59884
11679
60951
49161
54970
0
0
12185
0
22849
0
50435
20677
46443
60381
88252
0
0
90308
15568
77571
0
68641
17387
83429
0
0
0
48531
31768
0
0
0
0
0
0
43071
0
6849
76692
0
0
0
0
52512
91283
82141
0
92274
19357
0
68189
26268
34579
8508
0
0
60371
0
19142
41237
76416
0
0
52702
0
87013
15175
4055
64890
45035
35938
0
25634
0
87307
85598
0
85988
58801
0
0
0
0
0
0
18149
0
85195
65695
42358
0
58680
0
21411
0
0
0
11238
0
1278
16526
23273
99371
40049
46690
65341
8671
49266
0
0
0
45358
20318
0
22472
28675
0
0
0
0
22231
98045
0
75581
22674
0
63473
0
41174
0
38520
88244
97849
74617
0
88246
28980
64773
97282
5355
16088
0
0
0
67619
0
91738
0
7741
0
93330
0
0
0
1756
0
73852
7154
0
40475
0
68593
17510
0
0
90601
0
0
61363
89175
0
0
73484
0
87952
70562
0
763
0
0
2259
0
0
40099
26510
0
55035
0
0
39688
17202
25491
0
0
0
0
0
0
54304
31757
51531
61271
0
49300
70997
0
42565
64736
0
0
0
65360
59932
0
52796
25950
81226
67216
0
0
0
0
0
0
93849
19427
0
0
0
0
0
0
0
0
38832
58596
62611
62367
0
90228
93667
0
19789
44617
46902
7148
0
0
74965
0
0
30038
33440
0
13272
49263
0
69010
99613
0
23315
82806
0
0
0
24601
64995
65576
0
0
21624
0
92405
0
35716
0
0
1974
0
64266
73846
96070
0
0
0
69434
0
0
0
0
83399
65621
37862
43048
0
53233
56930
0
95892
25899
0
0
70500
0
82186
5427
79049
0
0
0
0
41380
0
53853
0
46496
0
53443
66506
8867
96161
40842
0
73869
0
0
0
6837
0
44405
74626
0
65106
85471
89391
532
0
40083
8750
0
11216
57048
47513
46859
56204
78751
0
61023
0
82672
0
37267
46639
88103
0
36904
205
92732
44985
0
52774
0
46314
6329
0
73395
21862
0
29119
55173
0
0
0
17153
0
2273
80564
33813
41920
15760
0
49768
0
0
0
82289
54549
0
0
0
0
56050
0
0
0
0
0
0
0
30566
0
74476
89963
12513
5069
81966
69888
92006
0
402
63985
0
86210
0
9176
6170
85463
0
0
74591
49612
0
30045
86163
0
0
86648
76105
0
79623
12866
39790
0
15579
28494
47383
0
0
63488
22678
32654
82378
0
44081
0
22679
83217
46606
39449
27324
0
12354
14431
0
0
85251
46511
80544
38258
0
79825
0
0
0
3841
0
0
0
15650
85609
0
90423
0
46166
0
41336
0
65483
0
0
24887
0
21521
12422
63648
0
0
0
71032
59193
41221
0
34392
96761
37244
65346
68382
48801
0
0
0
0
0
0
0
0
3468
82081
78762
89063
34424
86183
0
93988
0
48466
73913
0
0
84351
25099
0
9740
0
0
0
0
3155
71556
0
0
0
48534
95377
0
0
0
47576
0
51066
21658
0
0
93828
0
0
28961
0
0
35730
0
65647
26794
0
0
0
0
0
0
89755
45416
0
0
0
0
0
0
0
75346
0
0
98538
0
0
99284
0
86784
43554
0
0
0
0
0
4805
0
0
62009
35025
0
0
1746
96139
73773
0
0
0
0
0
38316
7406
11513
36120
64366
0
66146
0
0
1803
0
0
0
39410
24683
0
0
90325
21314
0
0
8381
3485
0
0
75035
69336
27862
2702
39731
0
0
38626
0
0
58675
0
0
46354
0
0
0
98893
0
12879
57769
0
14917
19272
0
0
0
0
0
4215
19874
67014
0
48400
0
0
35873
50964
57322
0
0
42169
0
0
0
0
62224
0
15400
40219
0
37542
0
31384
82760
55899
12345
47611
17968
3533
28699
7269
0
82730
0
0
0
0
0
0
96067
25715
0
0
5573
0
0
88008
99018
1523
33851
69536
60282
0
0
0
0
0
0
0
0
0
0
0
48140
11312
0
0
0
43209
0
0
66588
0
0
0
80703
0
99775
0
0
0
92268
34857
0
0
0
0
0
0
57223
74381
0
0
0
16606
0
2931
81035
5067
50362
0
0
14432
0
0
3747
0
0
57445
0
0
49906
57450
93467
0
28726
0
16045
0
0
0
49450
0
11518
18429
0
70164
0
0
0
0
17324
0
0
4830
19333
6867
70653
0
89324
0
0
0
45339
0
82928
59257
0
0
0
0
0
11947
63539
11345
0
67474
0
0
78721
0
0
0
0
92842
73696
30034
0
0
0
0
0
77132
35389
79606
0
7352
17263
0
81380
81951
87238
0
89592
17946
91746
0
0
50829
43096
0
93513
93443
0
3427
53972
78473
0
0
0
41328
0
0
32565
0
65724
42243
0
80205
0
72035
0
34566
90549
0
23394
16886
32763
0
0
0
43394
58574
31594
0
0
0
71783
0
0
91697
0
10608
61845
23326
0
57418
0
0
0
41126
78988
90127
50410
93969
0
73057
62708
48991
0
64151
81229
0
56463
0
0
0
1355
0
91542
0
0
0
90346
0
49614
0
8583
93776
45933
0
90361
0
42739
47338
0
82328
96446
18238
73596
56747
721
0
4951
9355
0
32265
0
96770
0
91174
61239
0
0
26171
0
0
21615
75274
2430
0
82241
61491
49518
0
0
22352
0
0
0
0
0
1484
5164
45399
0
0
0
0
0
0
0
0
71018
0
0
0
0
0
0
0
41056
0
0
0
0
90494
0
0
99129
26381
0
0
94341
0
0
49912
0
21277
32415
0
93789
97048
0
94042
23937
67101
0
86537
0
0
33452
25762
12648
0
0
63058
98106
62412
55879
0
55687
0
72159
33545
58425
0
15237
98020
0
29116
0
0
14107
41999
0
98892
0
0
2423
6410
0
0
90875
24830
0
59703
0
43385
0
62269
49672
0
0
0
0
76379
0
32273
0
0
0
37571
0
38867
19019
63472
43537
0
52605
0
15014
0
0
82963
94295
29532
16557
48663
0
21130
57344
0
22465
57126
39603
32095
0
2859
11816
0
0
65997
11667
2434
0
72422
68670
84689
0
0
74312
0
1812
0
0
10797
45155
89404
0
0
85856
0
0
0
3677
0
0
72086
0
0
0
0
0
93424
0
0
40913
0
0
319
16562
0
88231
33154
18825
0
0
0
0
0
87069
0
87655
49605
16218
0
0
0
28484
0
0
45025
0
81754
0
0
94002
60752
25436
0
0
0
0
88696
66355
0
26898
74317
0
36727
12889
0
0
0
99973
0
2830
0
93244
0
0
34907
0
0
43580
0
44704
74048
0
86197
0
0
20416
0
0
0
0
32449
848
49727
25555
26581
28556
0
59050
52653
33211
86321
58218
52085
0
48644
0
46002
0
50532
0
83547
0
0
0
0
1136
20000
83908
15560
60808
0
0
0
0
0
0
0
0
82155
0
84827
50812
0
0
86149
0
0
6169
0
77234
53966
60724
0
0
0
0
0
0
64198
0
54893
48070
0
0
76200
52615
22753
67005
0
37411
93023
0
70912
0
0
99230
0
0
7646
0
0
19518
0
0
44803
36573
0
0
0
0
60329
93000
0
0
0
3127
52839
0
60259
52960
0
0
0
0
10332
0
26038
66365
7869
0
23915
0
35704
0
0
0
86241
0
51137
0
0
0
0
0
98611
58948
0
93706
0
0
83722
68661
0
65699
0
81076
0
0
78645
83424
92250
0
0
25648
49810
32867
75527
85803
38350
0
0
36930
62276
0
82194
29994
49852
0
37422
0
0
18006
0
2999
0
57809
13114
15387
0
0
0
84800
0
99508
64756
0
0
0
0
0
0
77964
0
0
0
67542
0
8332
0
78795
0
10404
91239
0
10793
0
0
43435
0
0
0
86594
94593
95207
54722
62295
0
17021
0
80541
53836
0
66168
64880
32175
80287
0
0
11175
0
15011
0
67138
54622
46491
0
0
89257
0
0
59162
22319
70655
99735
0
23906
62380
80093
0
0
92954
32714
0
73337
61335
0
30460
5088
0
22555
91712
36846
0
0
0
0
0
78347
70759
0
22
16593
0
0
0
3417
0
0
92721
18793
0
24551
12517
94212
58560
0
0
0
86497
94881
68928
79164
0
0
22067
19226
31488
59857
0
0
47262
53355
0
62785
33162
28459
0
0
0
0
8140
87183
84352
24811
3276
19134
0
0
62752
0
31357
0
40946
45810
85146
0
43945
48959
60812
0
0
19586
92241
23426
1117
46319
8894
16775
28112
89224
0
0
54831
0
78978
0
25093
0
19183
38939
12086
0
0
0
0
19510
25487
31032
45415
58872
26853
0
43535
12068
53341
0
0
98569
0
19843
74314
21913
75390
22861
0
10225
0
0
92919
56922
21078
0
0
51904
0
65871
93254
0
22970
48418
0
0
0
15948
22436
8529
0
29398
84423
69324
0
27298
61041
0
0
88101
99968
0
31931
72539
0
69446
58663
0
64177
0
0
80943
0
0
11864
43937
0
82607
0
85740
0
32952
24498
0
74069
0
0
0
0
49549
0
70822
0
85217
0
49021
0
43946
0
49464
49651
0
0
0
58025
0
58
0
0
0
0
0
0
39813
11056
78860
0
83194
0
65606
0
10535
0
48123
0
45423
73344
0
86785
39770
0
91345
0
42530
0
97006
58450
0
5821
59436
77909
0
93824
85167
0
58478
0
0
0
74992
38780
91039
97727
0
93782
53862
0
0
64261
72026
2992
0
0
50412
49422
90900
0
0
84769
0
0
0
0
54890
0
0
3251
10106
77400
88984
0
0
4477
27580
59986
0
0
0
0
0
43610
0
0
0
51079
0
0
53110
28210
0
57503
0
0
0
83860
0
0
29896
15932
35449
75578
0
40569
0
72352
0
0
0
0
20736
44282
94091
67578
1444
0
0
53285
83463
0
0
0
6405
0
0
80106
0
56815
0
4433
0
28453
0
0
90076
0
0
0
48054
0
0
37711
0
53665
65223
0
0
0
0
2154
21437
0
0
79515
45690
30451
2908
25612
0
47218
0
49928
92790
50683
70430
0
0
0
0
91012
85404
18832
24834
51758
0
0
68036
15206
96502
0
0
85454
0
0
7903
0
0
0
52389
54765
30962
61490
0
44534
92389
82393
0
73735
6413
0
0
0
42995
0
0
0
35153
0
0
13654
37212
10107
0
27353
0
0
7711
0
48986
86891
0
0
0
0
0
0
44375
25667
0
27527
0
6690
36835
84180
0
97811
0
79575
0
19967
0
60160
76580
0
51463
46562
0
56006
0
0
95108
44109
94021
0
78432
0
0
23660
63805
83848
36857
0
12285
85906
78407
43947
51016
0
0
0
0
0
74070
67802
0
0
23406
0
49562
0
0
0
0
56172
18912
0
99351
0
0
0
84029
36371
0
39759
46860
32627
0
0
0
0
79482
0
0
79851
0
72847
68229
93070
0
0
0
0
79868
8256
0
72654
3731
31456
0
0
91704
82209
56565
28967
64042
79234
0
0
56656
15025
0
3845
30488
0
0
0
49126
8210
2661
32439
0
96825
13023
0
0
0
0
0
72757
0
33921
0
0
17025
0
0
0
34040
0
0
58481
77678
0
50565
5236
1863
0
74195
70694
28004
0
0
93097
0
0
78711
0
0
0
690
0
69560
51864
0
44705
12875
0
735
66559
0
5815
19815
85654
14135
0
62852
0
35552
2990
0
96472
99296
48047
0
0
6918
60206
0
65622
0
0
0
0
83288
0
41706
0
0
0
13849
0
25530
9307
81152
73080
0
44441
0
0
96190
36004
0
55368
0
0
0
43235
0
0
93038
33110
25992
0
0
0
0
44151
0
60263
38116
0
94585
95440
0
0
0
72518
61840
0
0
0
0
25798
77794
22318
0
0
26586
0
0
0
0
0
2392
0
0
0
44674
64016
67595
57413
0
39240
0
85341
69379
96282
13510
0
0
58157
0
11132
11890
66306
94232
0
0
21762
4532
0
5020
0
85202
71156
13504
70367
0
94492
0
0
0
5881
91347
7473
0
0
74474
0
76944
2654
73506
61949
51042
0
0
43139
0
0
7997
0
94693
0
70407
81392
0
0
25376
0
0
0
0
0
370
0
0
45781
0
38320
0
0
79959
0
0
67236
0
0
31304
33122
0
60516
0
0
0
48711
0
77568
63606
0
27995
0
0
0
0
68188
23944
82664
57808
0
17147
0
0
0
28628
62093
13061
0
88280
54245
0
0
90574
38306
95841
0
0
62947
56330
17464
41816
64900
0
65776
0
49051
0
19866
0
72505
28708
0
0
96976
0
0
88920
0
89945
88234
0
8733
0
0
0
20811
76861
12013
5553
20880
0
16818
0
0
0
0
48336
10624
10369
0
0
0
85117
24822
17440
0
54274
84295
0
59217
0
0
19144
0
29808
0
52763
0
0
59851
0
0
0
5642
99481
13011
0
0
27807
77924
6425
79759
79694
0
0
0
48100
0
0
32173
0
0
95766
0
56407
88240
0
72873
0
41408
0
62374
0
15858
80652
0
0
0
87995
0
0
96951
85854
0
0
1604
0
0
0
59879
0
25114
0
56338
18231
0
0
0
72130
57233
0
0
0
0
0
0
0
54733
0
27531
0
15520
91058
37794
0
86717
0
0
87815
8747
19982
0
78202
0
0
66587
285
0
0
0
34001
0
17066
0
0
0
0
32144
42382
67476
90968
0
0
92340
0
0
38442
0
60149
0
0
60026
92974
33006
52034
0
17216
0
0
0
75726
20489
0
6925
88909
0
93840
85843
0
0
84376
96366
0
0
0
0
0
0
0
0
0
0
0
0
36106
0
0
57641
53202
55429
88344
0
90745
0
0
87089
0
39750
98286
86585
0
66556
0
29780
0
30119
55223
71611
14261
0
0
57789
47602
40964
865
0
90515
0
0
0
0
0
0
0
0
78495
0
10613
59108
53125
0
0
30839
0
0
15241
0
96300
0
0
0
0
78792
65766
0
0
64943
59228
0
0
154
0
0
0
0
0
0
0
0
0
29990
0
0
69191
0
25504
0
0
0
0
11143
0
48582
6938
0
0
97993
14781
76063
0
3299
99535
84482
80589
56048
0
39651
79479
49816
11418
1216
74732
29955
0
14973
96175
0
0
61027
36929
34035
0
20333
0
0
98735
53662
0
58567
3613
93358
69363
36060
0
22331
0
0
0
0
69415
28511
0
0
51753
0
0
0
79722
0
0
69587
21605
0
34288
0
47336
0
0
11622
43591
7984
0
32426
0
0
79331
0
0
0
13364
53389
42319
22424
7223
0
0
0
9990
0
83956
19804
33060
0
14764
97674
62596
54574
95898
0
11618
0
0
0
0
49842
0
61525
0
25264
49543
0
0
48834
0
16744
0
32209
0
0
46954
76117
59819
72386
0
0
70275
0
21051
0
81210
0
0
0
0
0
0
0
13262
0
834
92850
0
0
0
0
0
52639
55866
0
10952
0
0
14354
33451
90992
0
50436
5936
0
12316
0
0
6951
0
0
0
80418
0
89593
0
92977
0
25334
0
0
77576
0
76771
33984
63920
83761
49821
0
0
0
14476
0
0
38603
0
0
5561
0
0
0
0
0
0
28335
0
0
11661
0
39780
15887
0
9892
98345
91673
14773
67117
0
0
24086
66883
0
0
0
43784
0
0
0
98060
13592
0
0
0
0
0
0
16001
18361
0
31898
66003
37336
92692
89526
0
0
48673
0
17151
0
53725
23036
0
40448
0
0
82243
0
0
2649
0
0
0
0
28528
0
0
68774
0
74479
9419
73152
0
0
84440
0
95166
0
0
0
40201
76085
95007
68822
0
60310
23268
0
5393
42412
30047
86731
0
0
26193
0
0
12229
37696
0
0
0
0
0
43423
0
0
28822
0
65671
80373
74477
0
88050
91071
18360
3805
36969
0
0
0
31532
0
0
53547
0
2014
0
91919
0
62944
0
95023
0
11656
77100
0
14816
21529
0
0
42791
0
7567
0
85950
14413
0
0
10019
0
26795
76352
51410
0
65029
0
13566
50495
0
83300
0
91420
69287
0
29299
62107
0
0
79314
0
99866
62183
0
58880
13664
0
11818
0
0
88450
85604
0
77154
0
62400
0
45681
0
0
0
81141
11279
2225
69583
0
0
0
89929
0
0
12712
0
89409
68274
3936
0
54258
0
0
35622
64126
88079
0
48638
0
52457
55608
0
25934
0
24910
36235
84740
0
0
0
0
34254
0
0
0
0
0
0
84723
42200
68012
16729
0
66209
71975
0
0
33208
0
6358
27439
27949
0
0
9274
55075
6393
16762
0
31118
0
78312
48261
0
5764
0
0
0
0
43061
0
69877
32339
94583
33156
0
86557
70642
0
0
75280
0
0
0
0
45648
32200
0
50876
0
8175
0
53901
0
95954
38860
30396
0
86579
17034
56985
64342
0
77164
61329
41786
0
0
56507
16434
9169
0
0
0
24878
0
0
0
30505
0
0
0
31662
94841
15040
60509
24656
42401
0
54325
0
0
26911
6566
79081
33443
0
94314
54761
0
59824
82162
99485
0
40061
0
95700
0
0
0
84451
7608
0
0
0
88501
0
0
0
0
79654
98222
33579
59726
0
0
0
67017
80880
51200
89299
48374
0
0
0
9031
10258
0
0
0
53281
0
99574
0
26738
98982
0
0
95848
75494
0
0
30735
0
0
0
14527
0
0
36295
0
95287
0
0
0
59693
0
0
0
375
0
30297
0
20436
0
0
34929
5066
14332
88468
0
0
49692
13459
0
0
87284
0
0
0
0
0
0
78567
32507
0
31144
37394
12443
0
32954
85969
0
0
0
0
32239
19695
0
0
0
11223
84021
96389
0
0
8964
39653
30184
0
0
0
36562
0
0
15200
79354
92763
90885
0
57910
0
21238
0
0
0
25120
31222
20026
90094
58226
0
3838
75081
0
0
0
0
63551
0
0
0
0
80112
0
98600
0
0
3967
77006
0
57176
7665
84793
44982
0
94581
58146
46182
70827
65390
0
3490
78764
70265
0
54176
2810
55830
6058
17284
0
56556
0
0
0
0
0
14333
0
70304
70221
0
0
0
0
0
0
42263
88190
0
0
0
0
39784
43569
0
0
62787
0
9667
41485
75881
65822
0
0
51227
0
0
72312
0
0
0
0
99162
0
91879
0
0
12622
97781
14321
0
13252
88609
0
0
0
0
0
61827
94548
0
0
8780
0
0
42189
61344
0
71935
0
26366
0
63624
50657
43090
55287
0
49056
0
96426
0
9373
4929
43841
0
0
0
0
0
32716
66477
0
8817
0
0
0
0
94690
0
0
6162
0
88376
0
47721
0
59553
82458
0
0
0
51317
93372
17645
0
47813
49088
14788
0
66410
21318
600
31476
71931
6618
0
0
0
49564
1961
91870
0
26181
0
0
0
0
89706
14791
68155
79332
0
95025
0
95416
11720
0
0
41259
81550
65315
48856
22641
47943
0
0
0
0
93522
26955
19085
0
0
0
40442
0
76709
0
0
0
0
0
0
538
0
25882
96570
0
0
19115
41770
58552
0
0
0
84993
0
0
0
90294
47734
0
30131
73459
0
0
56763
19314
0
2735
0
62216
0
0
19329
47749
0
33390
0
17774
0
65212
90654
0
45958
0
0
10253
15142
0
0
80502
0
1622
9645
0
76856
92554
4270
0
0
42391
686
0
0
14960
83334
31909
0
0
0
0
14508
0
0
33238
63479
0
59756
74909
0
38459
0
0
0
0
0
63287
0
0
0
0
70223
37461
0
0
0
14825
42976
95824
0
55826
62206
93046
26604
0
52168
58191
92665
45459
28015
96747
0
29901
21637
19288
6135
0
0
0
0
26459
0
43023
82261
76236
92894
55516
30790
0
72221
0
0
0
10058
0
69712
89663
82941
0
37496
15818
0
20836
0
70270
0
0
0
0
0
0
0
0
0
0
11766
74156
0
7923
0
0
0
0
22363
15937
0
15071
0
0
0
10160
0
32205
0
0
11332
85480
12119
0
0
0
0
0
0
2642
0
5385
0
24538
86380
23725
0
0
54564
0
86468
0
0
5168
0
0
58303
68010
0
15953
80897
53198
66325
99950
24653
0
89346
84929
0
67394
42834
0
0
36836
75548
0
0
54603
0
92695
0
0
73635
65527
93256
0
0
0
0
62362
0
8731
0
0
66469
0
0
11237
95878
0
38166
77917
56699
0
24947
0
90434
5158
4994
0
0
0
29078
75469
7462
89406
52257
69572
97642
20730
0
89737
83791
0
0
71936
57660
0
0
0
0
17313
0
0
4361
0
82224
96058
81870
13017
50540
0
0
38124
0
93531
0
0
0
6119
36768
0
0
4813
34415
0
0
0
0
79045
75349
66779
88124
0
0
5317
64505
65005
0
69586
54672
0
14858
0
87435
0
0
40834
0
37551
22876
0
8662
0
37657
0
74127
0
81053
92612
95026
0
4602
0
0
18795
18531
1881
80451
0
36207
86461
16173
95037
0
74889
0
14215
33108
46888
0
0
0
0
40142
3998
63702
0
0
35407
37245
0
0
35677
0
23159
0
0
58047
0
75698
0
14783
0
83613
10831
0
0
69526
0
76296
0
0
0
64176
0
71970
0
0
0
42657
44930
523
0
0
8202
0
74599
57535
0
9488
0
39361
82521
0
51697
0
0
0
0
0
93773
58761
97245
0
81257
97038
51799
76663
40765
0
36348
0
5128
0
0
24914
0
0
0
0
0
40175
0
0
51316
42876
58835
0
51702
90969
0
0
0
14756
17899
0
12281
70347
86966
0
0
198
0
41721
0
0
23427
0
44524
30937
57546
32668
0
0
2413
0
0
78164
0
85000
42678
37745
0
0
96917
81006
0
9649
0
0
0
52743
7890
62321
57693
0
78366
39190
0
0
0
0
64056
0
0
37555
67058
85589
87939
0
97769
60726
0
0
51927
0
0
34430
0
0
99798
48451
91730
76277
16727
19189
0
11841
50356
0
0
0
60934
0
0
0
85986
0
60514
43256
0
29909
0
98755
87756
55180
0
0
0
32989
0
70560
88193
0
47183
0
61596
0
0
10229
89238
64602
0
0
0
0
4113
0
14282
0
0
0
0
8168
77320
90904
55501
69361
12382
0
0
39447
0
12946
0
66994
0
0
30406
42455
89399
1002
0
0
0
0
0
30402
0
0
0
0
0
0
38478
83943
0
77269
39147
98028
11099
15094
42718
77862
30441
0
7083
32766
46041
12817
0
7359
90028
89605
0
0
0
0
0
49578
0
11131
62
0
0
13281
322
0
0
96424
30326
0
0
0
86753
73362
63469
0
283
0
0
25407
32572
0
0
0
14855
0
0
0
0
0
47901
0
72975
12150
0
19848
0
259
0
2554
0
86276
35023
0
0
0
89192
0
57094
48472
0
0
17920
0
0
67647
91871
0
0
91591
74170
45103
42296
36107
0
79942
13212
0
33496
32487
78684
0
16107
83500
38892
69199
0
9660
0
20143
0
0
0
38585
52259
0
0
0
0
0
88639
60307
0
96538
0
0
0
0
48973
0
0
38212
75680
98174
0
0
53191
94998
37573
0
0
34885
0
0
75924
40349
16865
81358
0
0
11901
0
0
0
0
0
0
26576
0
6797
0
79336
19450
0
0
0
0
65010
0
75019
0
0
0
0
0
0
9040
0
0
99185
84269
0
0
0
84104
86342
0
0
0
27150
0
95659
94521
55593
0
0
0
1389
10847
89744
36398
43171
43962
0
69216
0
0
0
29300
99929
50821
32122
27122
0
19564
0
80664
0
88205
97602
17995
53394
44539
0
73539
39162
0
21394
23286
0
98974
0
50032
0
47739
0
0
0
0
0
0
0
0
0
42288
0
0
0
15649
0
0
56870
0
0
24468
69713
0
82943
51138
0
94146
0
0
0
94206
0
0
0
0
74557
0
0
0
0
2850
10243
37666
0
80514
0
0
25957
0
0
0
31945
0
87464
77572
51170
0
0
0
91984
0
0
0
0
0
96309
0
61756
0
21396
24787
0
0
0
38385
0
45849
0
89121
0
0
17803
0
0
0
33672
70620
0
0
0
14273
0
0
2574
0
0
71981
0
54078
36079
92975
0
98952
0
4079
0
16470
51366
17758
0
0
0
0
0
80679
59175
0
58379
97076
0
0
63018
0
0
0
27641
0
0
0
0
43897
84777
38629
93822
10709
0
0
0
0
11968
0
0
27708
0
0
0
5920
78738
0
0
0
94525
0
77034
0
55852
0
1842
0
80848
5518
26139
67332
54177
0
5692
95694
0
0
0
0
0
0
99286
0
0
0
0
0
91679
0
27673
44379
0
27041
0
46039
0
0
0
0
0
52059
0
86934
75847
0
16804
60196
0
0
0
42295
69359
0
0
38542
54556
0
94300
0
0
21513
0
0
72562
0
0
0
7082
85303
0
73623
0
15970
61244
99248
0
14220
0
95980
0
0
5366
87650
0
0
11483
0
0
0
0
0
70978
0
0
44181
40182
0
0
0
2704
91321
33462
0
0
0
0
0
0
18580
83567
0
96914
0
0
48396
59620
14267
8495
90662
0
99790
27830
0
0
0
0
0
0
0
0
27848
0
3627
30267
0
64643
1425
0
22164
0
1312
0
64299
22931
16943
83107
41534
87826
91248
0
0
47704
24133
0
0
77361
0
0
0
0
0
42545
12329
60750
23161
0
1951
0
35046
32132
40187
72120
11601
22946
64099
32039
0
0
1683
77885
96380
78965
62378
0
0
72616
78284
0
37284
0
65351
0
0
87281
22985
64813
26751
54441
32288
0
56200
0
0
42861
0
53231
46645
0
18726
29445
64978
0
0
18876
0
9822
34880
0
0
58912
0
25832
0
22897
51277
0
46014
37983
0
49668
80781
0
9001
35186
0
72061
11480
0
43722
0
0
0
0
0
48059
39116
0
79429
69722
0
0
0
507
0
0
53133
20552
79346
70722
92602
0
0
0
65086
0
74720
59298
32236
43355
0
21301
9864
16418
0
72904
60690
17725
70342
313
0
0
52303
0
88635
16771
0
0
0
73980
70396
28694
95704
45941
0
0
36366
29929
73049
0
0
0
25598
7712
0
0
50298
0
0
15995
87863
0
51047
37912
0
8414
26351
35455
0
0
84797
0
95803
0
0
30362
0
0
0
30555
0
80974
58127
0
0
58012
16029
7938
0
97742
0
0
62539
18256
98674
0
0
0
0
81368
87943
0
0
0
0
0
55578
0
30715
22232
0
73893
75983
19554
0
0
60334
40438
20383
44773
0
77159
45762
42155
0
79814
0
7008
0
68733
73013
69395
20180
0
0
0
45981
64701
9157
6961
14213
0
0
0
0
0
0
19358
89582
60253
52543
88377
80699
44445
0
19244
85783
0
54204
0
0
36447
0
0
0
0
0
90697
69082
0
19316
0
79041
0
27513
0
81522
71143
73560
0
93429
0
0
0
0
44657
76806
0
0
70284
94720
98438
0
0
12244
75194
0
34322
42490
57325
82989
90606
0
0
0
0
21916
0
9211
0
0
85671
0
16484
54734
33327
0
34827
15330
0
0
11779
58816
0
0
0
0
0
0
3771
0
90352
0
39330
21241
40824
77193
0
95354
0
5352
0
95598
82202
91718
81121
38048
0
10219
10293
22724
3117
0
0
75948
96187
0
0
0
0
93514
0
0
31295
80798
63171
0
82222
85784
0
0
0
0
0
0
0
0
0
66814
49542
0
0
79370
43223
0
8936
0
0
91000
0
37507
0
0
0
8163
0
0
0
6100
0
32349
0
76310
50331
0
0
0
96445
59411
57328
0
97539
689
0
73143
0
85338
41613
88242
95378
0
0
15536
0
50570
0
8357
53956
81345
0
20278
76908
37829
71258
8043
84000
42328
0
0
0
0
0
0
0
87167
0
0
26046
87991
6711
85177
0
7132
14498
40544
0
43678
0
0
42068
48942
60753
24228
0
96522
46186
66337
0
71321
0
97310
0
0
56975
0
0
67682
0
72556
5052
37489
0
0
0
0
0
0
15844
83198
71429
0
52306
42341
0
0
80803
0
0
0
0
41842
0
0
0
0
0
0
0
73125
6448
5091
57562
0
0
0
0
0
61254
0
36368
42648
0
0
79664
0
0
0
0
0
10755
76383
0
81574
12560
11527
0
41727
0
0
68821
16908
53472
50442
0
97326
48740
98372
0
0
0
43565
0
0
66625
94826
0
0
18292
0
0
89185
0
27346
0
0
0
0
31686
0
0
76578
0
0
25159
0
0
0
45481
47071
71522
0
0
26305
4351
40693
0
0
0
74388
827
29512
0
3955
0
0
0
72013
36898
0
11299
13930
11599
33664
1825
50502
0
1318
46205
0
70447
34305
91005
22518
0
16394
0
34025
0
0
87056
0
73499
0
0
25479
0
59064
0
53498
0
81435
0
8624
0
0
5450
68281
5013
0
14787
0
0
63066
18078
0
69659
0
19271
0
0
0
71960
0
0
0
0
0
81748
55525
0
0
0
99872
80720
0
0
44463
36691
0
0
0
0
0
42557
0
52173
0
0
0
65821
0
0
0
25734
0
59169
45131
0
0
0
13832
45001
69990
94712
0
53546
0
0
0
0
0
0
0
28896
49979
0
0
0
40697
0
0
70078
0
0
73788
53811
0
0
0
77317
0
0
23869
75074
0
0
55291
87425
36865
0
48819
64365
0
0
53025
13480
78576
0
0
44478
90393
10070
11778
54284
85511
0
0
0
28501
0
0
0
63194
32442
15313
0
81039
45982
0
98649
20455
0
97111
0
0
0
0
0
0
0
0
17777
0
0
66632
0
71442
77301
94226
0
6551
0
53699
0
60256
59013
14485
0
99781
0
0
0
0
21157
76797
62123
0
0
43453
0
0
52704
71221
46703
79817
0
0
0
0
35843
86506
28521
92371
7497
52248
0
29568
0
0
21670
0
61518
22636
22456
0
56883
0
36695
0
0
0
79568
97816
82823
0
69260
0
0
1250
0
0
70015
0
7689
93343
0
1153
0
32904
40730
0
0
80439
0
51213
80444
3376
0
0
0
9612
0
89557
51678
95204
0
36427
80933
0
0
0
43538
0
0
96054
54129
0
0
0
0
9276
62575
57922
39110
80644
0
26070
0
25185
0
50813
32738
0
0
67937
0
24302
0
0
54107
38251
23088
0
0
0
87499
98127
0
28469
95341
0
52557
52239
84550
0
58539
4740
13344
37848
0
0
36108
64502
0
0
0
80285
8183
0
0
0
0
0
96923
60973
90568
0
91553
80704
0
48727
75873
0
22843
48885
62602
65206
22658
96458
48776
0
0
45813
56429
0
5508
0
63237
0
0
68666
10320
0
0
7226
35269
0
0
4042
0
74158
41941
82698
81056
39816
83306
0
99708
0
0
30727
0
40664
0
0
0
59700
0
0
0
0
0
47132
92479
0
0
30385
0
0
0
54290
0
0
3444
93464
61901
97125
12539
0
52370
0
57053
17181
0
0
0
0
27054
0
0
0
21477
71680
0
0
0
59873
0
26964
44510
0
0
0
74316
82528
95073
0
61958
0
5829
89468
0
0
0
0
0
0
40818
0
0
48130
79985
19372
0
0
0
0
0
99348
19294
0
58081
74554
48377
0
0
0
55643
91109
0
32010
0
24899
0
33513
8792
60869
59124
0
79450
0
11316
0
90406
83624
44567
0
0
0
0
30593
0
73094
31303
0
11793
0
85020
38206
67851
0
0
34299
79136
0
81803
0
0
96461
0
25379
83012
64183
98571
99137
0
57395
0
49944
0
57029
49281
68502
80302
0
0
74736
79340
0
0
0
60525
87108
0
0
88171
56566
89595
0
0
39346
0
95851
0
6991
0
14561
41335
0
0
11139
77813
0
0
98810
57704
0
63152
42337
9029
34628
49420
0
55103
0
0
27729
0
0
6493
0
54635
0
0
0
8348
71033
90680
0
0
0
55844
0
29848
98651
0
50577
78606
11424
20152
86136
0
58600
0
0
2105
76221
0
44467
0
1684
26279
83772
53315
21783
64764
0
36917
36262
0
68930
29794
99830
0
0
0
0
47127
0
5134
83100
7143
0
0
0
0
49832
3809
62903
77838
74181
25231
84755
0
0
16245
0
70171
0
6476
0
0
0
952
0
0
78652
0
46914
71371
0
0
0
0
0
55418
64882
0
93047
25860
29064
0
0
29442
0
0
0
0
0
0
29178
0
35512
21990
0
84980
67724
9166
0
0
0
0
0
0
0
0
0
0
0
53017
0
51055
0
14683
76996
48276
76635
72829
19406
0
59795
44398
0
92430
0
0
91406
0
55440
0
0
4520
0
0
84075
3826
47587
81586
75445
0
0
66234
0
0
13287
0
67466
93436
0
0
27969
0
758
49270
0
93
48263
88550
0
39703
0
0
0
0
0
0
61636
0
0
0
0
0
16412
82580
51929
54043
0
0
0
0
59297
0
55954
31664
52846
0
60556
89875
52222
0
51156
28546
12377
49512
0
0
0
0
0
79272
48101
60729
8599
0
0
0
95823
0
0
0
10676
0
0
0
0
50571
54200
74382
0
73755
0
0
0
81157
0
31928
0
0
12745
89358
0
0
0
46896
508
95580
0
78080
884
0
0
98145
0
58942
0
9580
65016
21449
75466
0
27600
64710
30359
21107
27444
73787
0
0
0
0
35700
53976
0
46586
94128
39232
97193
51635
62361
85429
97919
0
0
0
0
77267
16435
96852
0
42023
81763
0
0
0
0
0
0
2161
0
0
0
66153
76760
95664
0
91795
0
0
0
0
33180
0
0
67111
0
0
0
65956
24127
74326
22759
78232
9991
0
0
95742
79316
0
0
0
0
0
65864
0
0
0
41046
63891
0
0
91578
44348
0
10430
0
10940
0
0
23591
0
81196
49224
0
66648
37939
22710
87329
0
80428
0
60521
57832
0
20028
0
0
10325
65568
33603
61922
0
42392
0
0
87125
3246
0
0
35658
0
78400
15841
0
94785
0
0
0
96072
0
43413
0
0
0
0
30587
23046
55937
49467
0
0
1100
0
19526
0
19772
0
13260
0
0
40841
28000
0
0
0
0
0
82866
0
76515
0
0
32029
0
0
0
0
95312
49879
0
96410
43638
0
12679
36237
27714
0
94336
0
93318
54648
0
0
84532
57925
0
0
58888
0
0
31209
0
21432
0
0
0
6142
27705
74063
0
0
3255
37374
0
0
56697
0
94353
0
20498
0
0
52197
0
77434
48596
85295
58129
83796
0
0
30254
93682
86346
0
0
0
29142
97037
38891
0
50590
0
0
4725
0
0
0
65810
0
0
0
80915
93500
0
45494
0
51815
60065
5887
0
0
65870
0
70325
34669
0
0
91903
34655
69828
10217
39805
0
0
68297
33639
0
11822
0
85037
0
0
0
0
86275
44123
0
0
86173
0
30390
34446
12433
0
35151
0
69603
16580
89855
54875
19855
79950
0
0
0
44552
11135
13471
0
0
0
99259
45240
0
56681
0
0
0
0
26646
0
0
0
82975
0
0
7373
0
74506
42531
42973
55908
0
89352
62901
92990
89365
88605
16410
58704
0
0
32020
10874
68474
0
0
0
99196
35292
7988
22048
15423
53220
17903
0
0
56552
0
0
99856
32111
20183
0
30655
0
57431
33279
43014
0
40937
23957
0
54538
0
0
0
20231
67747
73035
0
83980
0
0
0
90941
0
0
67963
63494
0
0
59718
68695
71854
0
0
90009
36886
66243
27301
0
0
58800
41647
0
93505
0
0
0
36872
0
28082
0
90255
0
16402
50430
43197
0
0
8111
3428
0
0
0
35837
0
0
50637
85577
0
0
0
60177
97355
83353
0
15403
0
0
0
0
58301
82739
76591
0
5144
57125
53837
94268
0
0
79001
0
0
0
31053
0
52731
52261
0
0
90055
0
88958
25411
82572
0
0
86270
71361
88426
9376
41578
0
50743
0
28924
0
0
0
41154
0
0
51960
0
0
67432
0
34969
0
0
0
33068
0
63169
91909
96526
72447
0
29447
73616
10715
0
85659
0
0
0
0
65965
99131
0
69785
72429
61054
99939
40764
0
93106
6968
0
7733
98484
0
79962
47548
0
2514
46313
6713
0
66244
86657
0
48824
51992
6844
90920
36080
0
35335
84002
30982
67784
49911
0
0
63101
85504
25188
77732
0
71493
0
0
0
0
47659
5064
0
46629
85153
67211
0
37780
18128
0
0
0
0
0
0
38383
49628
0
0
847
0
85268
0
13352
6631
0
0
0
0
52400
0
0
23020
0
88047
0
0
0
0
66930
83184
76958
0
98133
0
66376
21723
0
71437
53431
15552
0
33042
18239
0
0
0
0
84824
0
65677
34008
0
0
62236
35116
0
7210
63110
0
89424
42614
81962
0
57285
3846
68113
0
0
90608
75606
0
84665
50910
18639
79250
3743
10122
55712
25057
0
0
0
50200
17595
28114
0
0
0
0
0
87403
19988
81568
0
61666
