0
74388
0
94998
0
71775
0
89737
0
0
0
0
96951
0
0
34944
57048
83107
0
0
10225
0
0
0
0
36835
0
0
30038
0
47893
0
62380
12889
33859
72975
27395
0
15142
9188
65029
2649
46851
91591
57808
0
0
0
81763
16771
39330
0
0
538
44510
0
0
0
0
0
0
0
73826
0
11841
0
84075
0
0
0
53956
0
58680
99735
24228
27708
0
0
34323
73143
99435
603
16088
0
0
33513
0
0
83791
0
18623
64177
3967
847
70275
0
0
0
66847
53498
94146
0
0
0
0
62
0
0
0
89468
16484
87756
17407
63141
0
82261
0
13262
0
14660
93789
0
0
15560
71321
0
0
0
47659
0
0
96070
54146
0
67851
98611
11599
96410
72518
0
0
0
0
0
14527
33664
78473
65677
91283
13607
0
36969
86506
0
0
17284
19226
46431
3931
63469
95416
0
89595
7132
21913
69845
56763
12961
0
27886
0
0
0
48418
0
0
7988
96446
49381
74732
0
51678
0
54304
0
69990
53102
32209
37267
0
0
0
0
72120
0
76357
0
65315
89352
0
0
2599
0
37666
0
86461
13364
0
0
0
58146
0
55879
97602
68012
19085
0
0
71848
0
71018
7352
21593
28481
37244
52400
0
0
80439
0
41485
50822
0
0
0
0
0
76236
0
34566
0
0
0
61845
0
67937
0
82155
0
0
60753
46002
65346
83100
61636
0
0
0
20383
51317
25178
74316
38780
43023
98045
0
95377
20848
99162
59851
30359
27284
0
0
0
0
0
25487
60962
18361
37551
22931
0
0
0
0
0
38124
20559
16245
65810
63418
93522
0
79331
0
86991
0
0
0
7269
0
82572
0
15027
23407
72829
0
65239
7869
0
26787
0
72221
0
0
8414
0
0
36176
91746
0
0
30347
93443
15316
93070
78432
0
57809
0
0
88267
24086
78684
38429
0
8031
40473
0
72873
21616
74909
44467
0
58342
64126
69789
21054
74069
0
90423
0
0
97674
0
0
0
83761
56429
0
82660
0
92268
0
44082
32236
0
88609
0
0
85000
91109
0
33451
0
0
0
82866
0
46313
2704
48638
4270
18828
0
0
0
78567
88062
3257
1974
66234
54486
67578
0
0
24388
0
0
20069
0
0
0
4477
12500
93286
50590
23725
28335
0
25798
94873
0
0
0
0
0
67264
45489
59666
0
0
0
0
80514
25491
0
89324
38397
11679
48746
37711
0
68821
65307
0
0
0
0
57693
0
0
0
40612
55291
0
0
27769
86891
0
8175
93106
0
0
96917
0
48374
35512
66209
0
87108
55525
5091
0
21723
17946
0
78860
59688
33356
0
0
64016
7359
82893
54831
76968
53315
0
0
0
0
16190
55501
0
36447
12244
3826
0
22148
0
0
71960
0
0
0
0
0
0
0
32426
0
6124
67682
0
0
0
0
51156
0
0
0
86698
0
44463
22067
0
0
0
53972
33579
0
87880
92416
6142
0
74337
97430
0
0
92405
87307
18639
0
0
0
75074
0
98649
77576
0
46645
75494
0
0
14175
0
59228
0
61518
0
0
38451
0
46563
0
44759
0
86327
0
0
0
34462
41941
0
29447
23855
41218
0
0
37284
39124
6713
0
60997
0
0
39361
50571
0
49810
7846
52960
8210
0
0
0
0
83353
0
12697
0
15071
0
0
0
0
35658
0
0
0
0
0
0
0
40985
66625
1863
0
65339
0
0
23427
0
0
70134
0
54893
36865
0
0
0
0
0
0
87281
0
0
7036
0
0
30441
0
21802
69587
0
64756
23394
0
0
0
865
0
8867
66243
0
96175
79250
65766
0
0
0
0
99286
0
83217
90745
0
0
47587
0
45931
0
0
48466
34974
0
59986
60371
0
47262
23286
0
0
14135
0
0
34254
9376
0
0
22882
0
94232
29780
0
0
0
56985
0
0
29955
0
0
0
0
88050
80285
0
7040
57055
65965
5066
0
57535
19406
0
0
0
0
0
0
0
689
29848
0
0
59795
0
0
16123
57660
53191
0
0
0
43947
0
221
43961
0
0
8309
0
0
0
0
0
0
0
45933
0
0
63018
15025
11661
0
16307
0
0
0
96190
99535
71935
0
93255
53198
0
19012
72125
30937
78762
52566
0
0
0
0
0
0
0
21783
0
0
74158
45103
14273
0
30555
0
60329
91712
0
0
13719
0
0
41816
259
48824
12382
0
0
37914
90009
0
61840
0
10019
834
69722
41335
0
0
0
0
2414
81380
0
89920
0
74048
0
24914
21614
0
57233
0
25407
0
0
15786
0
0
61949
9990
77838
32144
42614
52639
2103
0
0
0
0
9701
17460
0
0
0
0
22436
68956
96946
0
0
0
0
0
0
0
72725
35475
27324
93
8891
0
31308
85454
0
0
8381
523
0
74156
0
0
27580
44445
0
27967
91679
7741
0
59873
21411
0
0
0
0
6449
0
0
0
84381
0
13011
0
60394
0
0
24656
0
0
0
16164
0
64198
0
0
0
68274
64943
0
0
23946
0
17025
0
47548
0
30119
32439
0
0
0
0
0
0
8495
0
0
0
36366
0
3427
88450
0
0
43960
33617
0
75606
0
0
0
17313
0
0
0
46166
3805
0
0
0
55465
28980
0
0
0
77862
41706
70912
33462
68822
0
0
13873
89424
0
93706
0
26351
95823
83788
66814
0
99866
19695
89128
74890
0
21298
0
0
0
50442
79049
0
72386
75771
0
0
0
0
45781
20527
0
51815
0
74317
16434
0
0
42068
0
0
47012
81196
0
0
94212
49549
0
0
0
50032
79664
28511
33087
0
0
62787
1117
95609
18867
0
0
49608
17725
90255
46925
82698
11238
0
0
0
6413
42337
63920
1054
16435
51697
3299
60893
62150
43343
0
63280
78738
0
0
0
0
22674
0
0
30962
0
76310
0
65082
25950
39651
11527
96600
0
0
9211
0
85659
50991
5805
0
67148
68807
38492
22861
0
0
0
23036
0
0
0
0
0
61239
0
25093
20371
0
47336
6849
0
0
82607
74351
68286
51978
99843
0
33638
53817
22232
55180
0
76856
0
25135
96727
76580
93904
0
52168
22641
0
0
82741
0
0
0
45722
87499
0
0
0
4055
6410
0
0
10831
0
2934
0
66355
0
0
0
72556
1746
25159
70822
96424
85251
0
22318
27040
285
60645
0
14683
64502
78232
14220
12443
0
43071
40824
52370
98569
0
4554
0
0
0
0
92402
0
0
0
46314
0
0
8936
12875
16562
79950
76578
0
0
93047
0
70560
0
32589
0
69713
0
0
0
0
46250
0
46092
69785
24822
0
98982
0
0
27527
0
0
72352
0
0
0
85338
84451
0
0
0
50436
0
0
0
0
92721
93513
5194
82963
49605
97769
0
0
30370
97642
0
0
0
0
0
0
0
74381
0
75873
0
0
0
0
74642
0
0
0
0
80418
92612
0
31032
0
70997
0
0
0
0
0
0
6358
0
0
31931
12722
0
35704
0
0
0
99141
0
0
20736
0
0
0
89557
0
0
0
83463
0
0
85463
57450
98206
0
12216
13190
0
0
49051
46690
0
59857
0
0
37983
0
61810
0
0
0
91039
84105
0
91697
90361
0
0
22167
8216
0
48973
0
0
0
0
0
0
0
0
0
0
0
0
0
81435
0
73696
0
79136
42023
20101
17595
0
49912
0
94977
0
91406
0
0
70531
0
0
5109
0
43173
58957
8766
0
42556
0
0
0
0
0
53394
47792
0
16886
66325
86648
0
0
52157
49821
11223
0
0
18638
0
0
0
78164
0
0
2072
82243
0
95272
88119
70890
82528
5718
0
85153
76221
94525
37539
0
12086
0
13382
20552
61525
0
19372
92274
0
0
62183
0
0
0
21238
73788
52701
71156
0
75792
0
0
17202
49928
37696
0
71556
0
9169
0
0
0
0
0
0
21078
0
18239
45358
50565
0
0
0
6847
0
0
0
0
0
0
6493
22710
64551
37025
18026
0
79515
11132
0
3677
94128
78645
0
0
0
0
0
0
0
3966
0
0
0
0
90584
5815
0
43841
0
4442
0
9649
0
0
0
0
0
83198
79851
0
0
0
82739
31888
70015
80644
0
0
0
0
0
53110
40937
0
89605
0
0
73913
0
0
0
0
69346
28905
0
0
0
88426
0
44398
52702
0
0
0
0
0
30047
18237
0
67017
82241
0
10369
62852
99574
22352
33110
97209
26518
91870
0
20183
27444
17014
77917
62400
33211
11947
0
64476
0
0
58129
16227
1450
81962
46282
53443
0
29078
0
24172
21241
46354
77358
0
0
99248
90875
0
0
3977
0
24786
57769
2661
37939
41046
21301
0
62216
56204
7406
0
65797
0
14843
0
0
98600
24887
9630
15858
78690
0
0
30655
40718
56036
0
0
0
0
0
33108
85404
67542
89706
27862
0
81568
71981
0
0
0
0
0
0
37489
0
62901
86537
0
0
0
30593
85906
0
43394
0
0
89855
0
96659
0
38306
0
0
57910
84755
0
0
45712
0
0
0
37794
52774
0
48070
32501
0
0
0
37780
0
0
63533
80669
0
0
49852
0
0
0
49300
0
0
33238
0
0
84295
54789
0
0
0
29592
0
60985
0
6135
0
98974
21075
0
0
0
82817
0
48130
7689
4625
36427
0
0
0
0
21762
29975
0
5261
0
25123
0
0
42243
0
5450
3244
0
90574
0
0
0
75578
0
0
27673
0
0
17216
11779
94593
40664
0
0
0
0
0
0
94690
0
20677
0
6702
0
52248
43423
91919
0
17995
0
0
17564
15520
89063
49244
0
0
52389
99253
64027
0
0
9892
29064
95166
14414
2225
0
0
25114
0
0
0
0
77571
0
58191
81951
0
19879
7742
43897
0
0
0
16865
7890
16147
68298
0
88635
0
0
21796
0
0
0
53355
0
76694
508
68986
76482
7408
20591
70430
2273
9612
63648
91420
0
21314
6519
98538
0
8529
25133
0
0
0
1803
44379
16479
0
0
79694
0
27399
70112
90095
0
0
0
79623
19804
5742
16908
0
0
13539
0
0
77959
5013
85202
57126
0
90299
99790
15011
61596
0
86046
0
74889
0
0
85480
0
0
0
15094
0
78751
24910
0
0
0
2462
30171
58226
53472
32415
97849
0
0
0
0
74063
75871
17276
0
0
67208
96224
0
36683
402
0
0
0
2514
99798
83288
0
0
0
0
0
0
0
11585
75516
46586
73693
0
0
0
50880
0
77234
62109
18825
62752
28728
90608
0
0
0
78200
0
0
19855
0
0
24486
0
0
3936
0
27949
0
0
0
0
22003
0
5144
64764
97727
25231
42995
87775
0
98425
0
0
92842
0
0
92847
0
0
0
68910
12665
82806
92790
44181
0
0
0
36262
0
0
54065
99950
72847
99546
0
35837
0
46742
46606
9419
0
65622
48054
0
0
0
43014
30895
96044
322
38784
0
0
0
0
0
84352
74382
0
71493
23937
29003
94021
79001
0
0
31357
0
7083
28879
29901
0
6961
41931
2810
53699
2859
53706
37507
43580
0
0
84351
14831
0
0
88026
0
86149
0
39703
0
0
67345
46266
60196
0
39110
54204
0
96538
0
19144
0
96365
0
0
67812
12803
81171
0
40049
0
10219
0
11135
64862
94577
67466
51758
53853
35932
67760
0
0
0
0
0
0
0
0
0
14561
0
61490
0
0
14332
94866
65699
0
28896
0
66506
86538
31118
53690
3613
0
26184
70284
0
0
0
0
38629
65448
0
214
0
72130
66359
0
0
0
38383
0
21585
0
75088
0
0
0
0
0
0
25188
18726
6347
59050
0
54259
0
63287
0
93988
25264
0
96761
77529
61254
0
8750
0
49813
19848
4740
23906
0
29116
0
0
58704
0
99055
98133
0
66477
0
0
0
0
8732
0
0
0
0
23660
25482
0
75581
0
12013
0
0
0
0
96642
0
0
0
0
0
12879
32646
0
0
53836
49542
0
0
53025
0
28699
0
46443
31532
0
0
10709
76635
56172
0
0
0
55418
0
0
0
0
49512
0
42861
11667
74591
0
0
93097
0
0
0
7646
84929
36846
0
0
0
0
0
0
17989
0
48538
0
41613
251
0
0
22616
0
34322
86717
37862
0
77132
0
51960
0
0
0
37745
68661
10106
76958
0
60750
21367
2874
0
0
0
0
0
0
0
50403
41389
74195
0
0
45851
90393
28526
85504
0
0
0
0
0
0
0
66587
0
0
0
14393
0
0
0
198
57546
0
24878
5048
31053
0
5352
0
21001
0
0
0
0
44773
0
28098
0
0
50096
0
0
0
0
0
31144
41259
16325
62269
0
0
0
65635
0
38860
0
0
0
0
0
52709
10070
24133
8492
57900
0
0
14816
66153
0
0
0
87936
40142
36690
43385
7148
0
27563
0
0
80380
0
0
0
0
0
94300
35938
98286
0
87952
33327
23268
0
0
82209
0
38206
91012
17758
41328
0
36004
92241
0
0
99830
0
90900
0
6434
41920
46319
0
0
0
33675
69888
0
64450
0
73596
58413
54982
0
57562
36562
36097
79234
0
0
0
67739
0
0
0
0
53497
0
34929
22484
33042
34299
89199
0
0
0
63982
0
84269
0
37870
0
0
0
0
11072
0
0
10853
0
0
0
45416
6393
22897
0
0
29990
0
39162
0
33630
0
87826
0
0
1216
0
0
0
54258
69572
0
33984
0
0
37937
0
7665
0
0
0
0
27830
0
90500
34655
0
0
20028
19329
0
16470
18875
19022
0
0
0
93397
0
11480
67156
0
53341
0
48396
0
35566
0
81586
84180
25759
42618
0
64287
38288
8964
71273
0
37336
0
91005
34452
82391
0
76117
43922
0
55637
0
42530
0
0
0
0
0
88741
58481
0
0
1812
56870
44985
0
63606
92894
43494
79314
85843
73654
25715
0
27439
59257
0
61764
0
0
0
0
0
15579
801
0
0
3731
0
0
93782
0
0
13664
0
90386
0
0
54734
0
38478
5236
91345
65571
40633
0
77963
51200
99185
0
53665
0
39535
23837
14321
41433
44328
0
0
0
0
0
38542
14498
0
41237
0
0
37829
0
0
45810
0
0
38258
34446
0
0
0
99284
11418
88231
70653
54441
10847
2169
92763
91578
37657
31488
55643
0
0
0
0
0
0
0
30302
0
0
93436
88205
0
73337
85577
0
93244
0
0
0
0
0
0
0
79553
0
0
55593
53662
0
27374
0
0
0
51753
0
0
47993
0
82943
0
73735
0
0
32952
0
0
91058
96678
0
0
0
76908
72312
370
15937
0
0
75466
79568
80897
0
0
74503
0
59411
34892
0
0
0
98362
0
0
92981
0
5385
90052
0
0
26268
0
0
94991
38110
84793
0
65398
18831
25478
9274
58948
2992
79381
4042
51702
0
6566
19358
41158
32461
0
74181
0
0
0
68670
11273
68189
0
0
0
5573
0
66394
0
0
0
69560
0
0
0
0
0
27122
0
0
0
0
0
86241
0
0
0
99351
29512
0
0
0
0
79035
0
46984
0
48819
84800
0
57496
63725
0
0
0
0
0
0
82393
0
0
0
0
70304
0
49464
2830
43171
8252
5427
0
0
0
0
46496
19501
0
33154
0
0
93429
0
0
33813
0
0
66376
0
18231
0
1622
49906
66648
52258
60253
77320
41842
53862
0
7923
0
48663
0
63482
30505
0
0
78736
97048
0
0
13950
0
0
95580
93046
72524
69361
0
96601
6711
0
56992
90654
13566
58574
97111
0
14787
63539
0
71125
77920
45873
0
0
0
0
0
73980
0
18742
0
90076
85589
0
65776
38212
0
0
15037
0
0
90228
31295
56330
0
13123
0
0
23020
0
0
96907
78495
0
0
52685
0
0
32936
0
0
50698
0
0
43917
69877
0
1825
0
88246
0
0
76515
23315
78978
54761
0
15727
0
35269
93000
43155
73623
3445
95851
0
0
0
68036
52615
0
76760
37212
0
0
0
0
32763
51410
47616
0
93667
67619
15313
84621
40730
0
0
0
0
41780
0
0
0
0
9506
21615
2040
77964
28019
0
89391
28459
67724
0
0
0
0
86497
48336
0
4602
84777
0
78795
0
51649
0
0
0
0
32714
0
52261
0
85988
7543
0
0
42531
0
34750
33440
69659
17819
25530
60227
0
0
0
16218
0
97245
24498
0
93318
0
0
24759
0
0
25992
0
40513
0
0
47218
0
66883
0
43784
0
35023
80541
0
0
48582
0
0
0
38520
0
0
22724
0
0
0
41149
0
0
0
77154
87329
90969
79450
60934
63891
26738
0
43203
69191
82730
3068
0
0
0
0
0
0
0
0
0
0
80915
13510
0
0
12270
40534
0
56699
0
0
6551
83184
0
45849
29338
70447
75035
30984
47958
73635
0
55649
37754
0
81748
61049
0
0
9307
83772
0
0
0
35328
39449
0
80411
0
26829
0
0
82103
60516
0
13272
88984
0
0
85303
0
78401
0
0
0
79336
0
0
66588
0
0
0
97302
0
0
0
0
25762
21394
26156
20455
0
0
8731
0
52197
16094
58885
65812
91738
0
41056
0
51366
0
7051
77034
0
80843
37018
0
1662
825
0
0
0
76786
0
0
0
70367
56010
91043
64736
0
0
33068
7854
66454
0
79959
63479
0
77572
9157
0
0
88280
0
99196
0
0
86342
55899
0
10874
0
52653
0
75997
44405
0
57922
0
37708
44478
0
0
0
0
75019
7712
37644
6162
0
0
0
0
0
0
0
73125
0
0
0
0
95287
0
78721
40351
0
0
67216
25057
86197
96753
0
24468
80544
0
59824
0
12745
0
0
87655
0
0
84797
0
65390
88468
58600
0
0
0
0
0
0
0
0
0
85429
0
60793
0
0
0
59605
0
89660
43224
0
0
0
0
84021
0
97565
0
0
0
0
0
6991
88971
3417
43139
0
0
0
32739
0
70334
0
12162
54635
4356
0
0
0
69363
45690
0
91871
42295
0
61666
0
50812
81129
81392
0
0
0
98028
0
0
0
55712
0
0
92732
0
46860
8619
0
64151
0
68666
0
76383
78284
0
63058
0
0
0
0
0
50657
0
0
34392
60307
13260
0
0
95354
0
0
46039
75280
0
0
95378
32954
0
17968
0
99927
0
0
0
0
0
14102
0
0
0
0
71204
83040
11312
0
51170
0
0
0
0
0
0
0
46859
89963
72022
16185
64299
11968
0
9087
69556
70655
99218
84174
75345
0
64505
14413
38442
0
0
97841
0
78347
0
69161
21287
0
1846
0
64900
70396
8826
0
58024
0
0
7263
29909
0
59693
68348
0
82458
49636
0
0
0
0
0
0
0
58180
70562
0
5167
0
92140
83364
33593
0
86270
65864
28469
73828
24653
0
32137
14282
18220
0
2154
561
91730
0
87089
0
0
83429
48531
0
43428
25598
43008
4340
19494
90680
64710
0
48801
0
0
0
59162
48856
0
73846
0
42739
0
0
24601
0
4478
0
12728
0
54245
0
0
20951
0
66930
0
47943
0
0
83012
731
0
55578
0
24683
85783
1642
5764
52763
0
0
0
0
0
0
0
38251
0
32400
0
0
0
75998
0
0
74312
0
0
0
47749
0
0
73080
0
62489
38459
49021
0
84723
0
11518
66168
0
30727
12758
80703
0
72574
0
0
0
0
0
27600
0
80679
50435
53431
0
0
0
0
87649
0
72159
74472
56798
80106
29568
86753
5168
67697
0
0
3898
82222
0
60282
70694
0
0
0
0
0
83848
0
85856
43569
0
77357
64365
47338
0
0
37936
0
0
17509
0
2392
79370
0
0
1397
8183
90968
79825
2846
0
0
0
49727
0
31594
85167
0
0
10952
6925
0
0
53725
32239
0
44617
92975
71938
0
0
87056
18911
0
0
0
50022
0
0
0
10702
0
43090
36938
0
52704
0
0
0
0
96356
91240
33603
32769
0
0
0
13132
0
58888
12517
0
0
19314
38761
0
0
45580
0
0
0
9176
50829
21572
26586
92944
9031
0
0
0
0
0
0
0
0
67951
0
1153
88047
0
95803
0
0
62365
0
93828
39147
0
0
18256
70223
0
59193
99371
0
0
0
19189
66146
0
0
46186
11143
44524
0
93274
0
27641
2105
0
0
29845
0
0
0
17066
46658
0
0
89121
0
0
0
0
0
72422
0
80494
0
0
63473
60065
14027
0
0
73869
0
76996
0
16510
0
0
0
23406
57328
0
12971
0
56747
83722
0
0
81210
0
0
32766
74720
0
3117
32487
0
0
83870
0
99468
0
0
0
84829
0
85923
75274
28838
47901
0
0
0
82186
0
0
0
32507
62698
0
0
57094
0
39410
0
0
0
25934
95207
42545
15014
0
79759
0
82289
23150
0
84740
16831
0
23426
59692
0
53233
5929
29299
62602
0
0
0
49879
98755
0
2959
39840
71371
0
0
0
0
0
0
0
60752
0
48123
0
0
17040
0
65277
13945
0
0
69760
0
1604
0
0
0
0
3051
0
30297
23591
40841
0
5561
58425
11332
0
0
86785
0
32442
95766
44282
21605
0
0
50705
0
51290
0
0
85851
0
10325
29929
0
51565
94826
73344
25882
0
67014
0
0
11056
10160
15948
0
94002
65267
41786
66003
0
45155
0
55911
55844
0
46843
80704
32111
0
62378
58801
83194
93424
45423
72625
4842
79384
78576
0
0
63985
0
58611
0
0
50570
91000
12068
54538
0
0
75349
0
0
0
90352
0
0
53664
0
15572
0
0
81076
0
0
0
90644
0
17777
0
90941
0
0
69010
33151
84993
91549
0
0
0
0
0
0
0
52543
0
0
0
0
93003
0
45787
41578
0
0
30402
97581
28501
0
1523
0
0
0
0
0
0
0
0
0
31377
37206
33496
0
73139
0
0
0
19874
0
0
8624
0
0
27714
0
82521
44558
86966
0
55869
42391
0
0
38143
20811
9960
4899
0
93038
0
0
0
0
0
0
51498
0
0
0
0
0
25819
3485
0
0
884
0
0
64500
0
0
0
81039
46896
0
33279
4725
30953
0
0
71680
0
14759
0
0
0
0
0
11766
64176
59602
0
0
49435
0
0
0
64773
0
0
0
375
